                   0                   0
  12.000000000000000  11.000000000000004
  24.000000000000000  22.000000000000007
  36.000000000000000  33.000000000000014
  48.000000000000000  44.000000000000014
                   0  11.000000000000000
  11.707367954423638  18.740589414522635
  24.611462442553208  30.370425915375588
  35.432099828166962  36.316083133059024
  48.000000000000000  48.000000000000000
                   0  22.000000000000000
  12.190222923487678  31.310890637988543
  24.050569526375376  37.179429608149611
  36.398098164756732  47.167149364579963
  48.000000000000000  51.999999999999993
                   0  33.000000000000000
  11.532994657885409  38.297517700821842
  24.379215773914794  46.162717096683792
  35.991073447874072  49.039970508496872
  48.000000000000000  56.000000000000000
                   0  44.000000000000000
  12.000000000000000  48.000000000000000
  24.000000000000000  52.000000000000000
  36.000000000000000  56.000000000000000
  48.000000000000000  60.000000000000000