                   0                   0
   6.000000000000000   5.500000000000002
  12.000000000000000  11.000000000000004
  18.000000000000000  16.500000000000007
  24.000000000000000  22.000000000000007
  30.000000000000000  27.500000000000007
  36.000000000000000  33.000000000000014
  42.000000000000000  38.500000000000014
  48.000000000000000  44.000000000000014
                   0   5.500000000000000
   5.465935872629274  10.440886682302175
  12.148940992257604  15.830879983290481
  16.982021542799718  19.891851488744283
  24.303536649628128  26.577352535074933
  29.753986296705520  30.718067057753483
  37.458364584495442  36.857476850997571
  40.373184483175841  39.697508107707407
  48.000000000000000  46.000000000000000
                   0  11.000000000000000
   6.582790965175840  16.883329030057748
  13.172018539462904  21.860087254320536
  18.000783563035416  26.334510844166033
  24.980106351174399  31.211562260419665
  30.879466782230736  34.969579897821866
  37.373738752323348  39.157096888005029
  42.871665009593684  45.003103195419818
  48.000000000000000  48.000000000000000
                   0  16.500000000000000
   5.425338780869812  19.281701109281979
  12.984853722660535  25.878108990361021
  17.629898211021036  27.897524281753562
  24.133572501764196  34.361888499870723
  28.898425736754429  36.124823239234189
  37.527003627986268  43.410031231761202
  40.654199100662183  44.746999310968334
  48.000000000000000  50.000000000000000
                   0  22.000000000000000
   6.928313062314188  26.762700130052874
  12.022643917783014  29.714457584806464
  19.294066078049504  34.120424810692022
  25.351769079322022  37.380269355031885
  30.920485569231293  41.903606649050566
  36.054841741307257  45.633875529563220
  42.634220058977846  48.341921036106903
  48.000000000000000  51.999999999999993
                   0  27.500000000000000
   5.510430010822678  30.464853021030759
  12.164111663394593  34.499623763991963
  17.780227634077665  37.090094378806455
  24.068243857457830  41.924890898702536
  29.530221906865950  43.060624912870807
  37.191708067618855  48.307996148507534
  41.062348152435554  49.851751048483592
  48.000000000000000  54.000000000000007
                   0  33.000000000000000
   6.123932277598070  36.782951891776264
  13.137330873787755  40.377132107009835
  18.405441498439046  42.014986699237006
  24.903967313181123  45.702907703208133
  30.695048252738143  47.763381693466272
  37.625028207931145  50.405259412956639
  42.184991496518009  53.394497664326785
  48.000000000000000  56.000000000000000
                   0  38.500000000000000
   5.833539559123579  39.765373453090412
  12.764946353121598  43.473614067826446
  16.603197923087627  44.428797894636858
  25.180546646076145  48.370710911306674
  28.565932394936279  48.904435172994013
  37.687539963841665  54.767515172511331
  40.625271768786199  54.578895419990616
  48.000000000000000  58.000000000000000
                   0  44.000000000000000
   6.000000000000000  46.000000000000000
  12.000000000000000  48.000000000000000
  18.000000000000000  50.000000000000000
  24.000000000000000  52.000000000000000
  30.000000000000000  54.000000000000000
  36.000000000000000  56.000000000000000
  42.000000000000000  58.000000000000000
  48.000000000000000  60.000000000000000