# Created by Octave 3.8.1, Fri Aug 01 12:00:38 2014 CEST <mpingaro@mpingaro-Mac>
# name: A
# type: sparse matrix
# nnz: 501
# rows: 75
# columns: 75
1 1 1.333333333333333
15 1 -0.6666666666666667
49 1 4.163336342344337e-17
51 1 -1.148386941096646e-15
2 2 1.333333333333333
16 2 -0.6666666666666667
50 2 4.163336342344337e-17
51 2 -6.938893903907228e-18
3 3 1.333333333333333
9 3 -3.049055999700247e-17
11 3 -1.429980755455228e-17
17 3 -0.6666666666666666
52 3 -1.52655665885959e-16
54 3 1.311450947838466e-15
4 4 1.333333333333333
10 4 -3.049055999700247e-17
12 4 -1.429980755455228e-17
18 4 -0.6666666666666666
53 4 -1.52655665885959e-16
54 4 1.040834085586084e-17
5 5 1.333333333333332
11 5 6.619461931974043e-17
13 5 -1.244617825787475e-17
19 5 -0.6666666666666665
55 5 -6.938893903907228e-17
57 5 -1.174407793236298e-15
6 6 1.333333333333332
12 6 6.619461931974043e-17
14 6 -1.244617825787475e-17
20 6 -0.6666666666666665
56 6 -6.938893903907228e-17
57 6 6.938893903907228e-18
7 7 1.333333333333333
9 7 -0.6666666666666666
8 8 1.333333333333333
10 8 -0.6666666666666666
51 8 -1.242062008799394e-15
3 9 -3.049055999700247e-17
7 9 -0.6666666666666666
9 9 2.666666666666665
11 9 -0.6666666666666669
17 9 3.049055999700247e-17
52 9 1.387778780781446e-17
54 9 -5.898059818321144e-17
4 10 -3.049055999700247e-17
8 10 -0.6666666666666666
10 10 2.666666666666665
12 10 -0.6666666666666669
18 10 3.049055999700247e-17
51 10 1.249000902703301e-15
53 10 1.387778780781446e-17
54 10 1.266348137463069e-15
3 11 -1.429980755455228e-17
5 11 6.619461931974043e-17
9 11 -0.6666666666666669
11 11 2.666666666666666
13 11 -0.6666666666666671
17 11 1.429980755455228e-17
19 11 -6.619461931974042e-17
52 11 -1.387778780781446e-16
54 11 1.110223024625157e-16
55 11 -2.706168622523819e-16
57 11 -1.283695372222837e-16
4 12 -1.429980755455228e-17
6 12 6.619461931974043e-17
10 12 -0.6666666666666669
12 12 2.666666666666666
14 12 -0.6666666666666671
18 12 1.429980755455228e-17
20 12 -6.619461931974042e-17
53 12 -1.387778780781446e-16
54 12 -1.262878690511116e-15
56 12 -2.706168622523819e-16
57 12 -1.354819034737886e-15
5 13 -1.244617825787475e-17
11 13 -0.6666666666666671
13 13 1.333333333333333
19 13 1.244617825787473e-17
55 13 1.387778780781446e-16
57 13 1.665334536937735e-16
6 14 -1.244617825787475e-17
12 14 -0.6666666666666671
14 14 1.333333333333333
20 14 1.244617825787473e-17
56 14 1.387778780781446e-16
57 14 1.346145417358002e-15
1 15 -0.6666666666666667
15 15 2.666666666666665
29 15 -0.6666666666666667
49 15 8.326672684688674e-17
51 15 1.137978600240785e-15
58 15 -1.006139616066548e-16
60 15 1.118896642005041e-15
2 16 -0.6666666666666667
16 16 2.666666666666665
30 16 -0.6666666666666667
50 16 8.326672684688674e-17
59 16 -1.006139616066548e-16
60 16 6.938893903907228e-18
3 17 -0.6666666666666666
9 17 3.049055999700247e-17
11 17 1.429980755455228e-17
17 17 2.666666666666665
23 17 -3.049055999700247e-17
25 17 -1.429980755455228e-17
31 17 -0.6666666666666666
52 17 -1.387778780781446e-16
54 17 -1.27675647831893e-15
61 17 1.561251128379126e-16
63 17 -1.39645239816133e-15
4 18 -0.6666666666666666
10 18 3.049055999700247e-17
12 18 1.429980755455228e-17
18 18 2.666666666666665
24 18 -3.049055999700247e-17
26 18 -1.429980755455228e-17
32 18 -0.6666666666666666
53 18 -1.387778780781446e-16
62 18 1.561251128379126e-16
63 18 -1.734723475976807e-17
5 19 -0.6666666666666665
11 19 -6.619461931974042e-17
13 19 1.244617825787473e-17
19 19 2.666666666666664
25 19 6.619461931974043e-17
27 19 -1.244617825787476e-17
33 19 -0.6666666666666665
55 19 -2.775557561562891e-17
57 19 1.1518563880486e-15
64 19 1.214306433183765e-16
66 19 1.31492039479042e-15
6 20 -0.6666666666666665
12 20 -6.619461931974042e-17
14 20 1.244617825787473e-17
20 20 2.666666666666664
26 20 6.619461931974043e-17
28 20 -1.244617825787476e-17
34 20 -0.6666666666666665
56 20 -2.775557561562891e-17
57 20 2.775557561562891e-17
65 20 1.214306433183765e-16
66 20 2.081668171172169e-17
21 21 1.333333333333333
23 21 -0.6666666666666669
22 22 1.333333333333333
24 22 -0.6666666666666669
60 22 1.214306433183765e-15
17 23 -3.049055999700247e-17
21 23 -0.6666666666666669
23 23 2.666666666666665
25 23 -0.6666666666666669
31 23 3.049055999700247e-17
61 23 -1.387778780781446e-17
63 23 5.551115123125783e-17
18 24 -3.049055999700247e-17
22 24 -0.6666666666666669
24 24 2.666666666666665
26 24 -0.6666666666666669
32 24 3.049055999700247e-17
60 24 -1.221245327087672e-15
62 24 -1.387778780781446e-17
63 24 -1.271552307891e-15
17 25 -1.429980755455228e-17
19 25 6.619461931974043e-17
23 25 -0.6666666666666669
25 25 2.666666666666666
27 25 -0.6666666666666671
31 25 1.429980755455228e-17
33 25 -6.619461931974042e-17
61 25 1.387778780781446e-16
63 25 -1.110223024625157e-16
64 25 2.636779683484747e-16
66 25 1.595945597898663e-16
18 26 -1.429980755455228e-17
20 26 6.619461931974043e-17
24 26 -0.6666666666666669
26 26 2.666666666666666
28 26 -0.6666666666666671
32 26 1.429980755455228e-17
34 26 -6.619461931974042e-17
62 26 1.387778780781446e-16
63 26 1.27675647831893e-15
65 26 2.636779683484747e-16
66 26 1.32012456521835e-15
19 27 -1.244617825787476e-17
25 27 -0.6666666666666671
27 27 1.333333333333333
33 27 1.244617825787473e-17
64 27 -1.110223024625157e-16
66 27 -1.665334536937735e-16
20 28 -1.244617825787476e-17
26 28 -0.6666666666666671
28 28 1.333333333333333
34 28 1.244617825787473e-17
65 28 -1.110223024625157e-16
66 28 -1.318389841742373e-15
15 29 -0.6666666666666667
29 29 2.666666666666665
43 29 -0.6666666666666669
58 29 -8.326672684688674e-17
60 29 -1.124100812432971e-15
67 29 9.367506770274758e-17
69 29 -1.229918944467556e-15
16 30 -0.6666666666666667
30 30 2.666666666666665
44 30 -0.6666666666666669
59 30 -8.326672684688674e-17
68 30 9.367506770274758e-17
69 30 3.469446951953614e-18
17 31 -0.6666666666666666
23 31 3.049055999700247e-17
25 31 1.429980755455228e-17
31 31 2.666666666666665
37 31 -3.049055999700246e-17
39 31 -1.429980755455229e-17
45 31 -0.6666666666666669
61 31 1.942890293094024e-16
63 31 1.457167719820518e-15
70 31 -1.491862189340054e-16
72 31 1.226449497515603e-15
18 32 -0.6666666666666666
24 32 3.049055999700247e-17
26 32 1.429980755455228e-17
32 32 2.666666666666665
38 32 -3.049055999700246e-17
40 32 -1.429980755455229e-17
46 32 -0.6666666666666669
62 32 1.942890293094024e-16
71 32 -1.491862189340054e-16
72 32 1.040834085586084e-17
19 33 -0.6666666666666665
25 33 -6.619461931974042e-17
27 33 1.244617825787473e-17
33 33 2.666666666666664
39 33 6.619461931974043e-17
41 33 -1.244617825787476e-17
47 33 -0.6666666666666666
64 33 1.110223024625157e-16
66 33 -1.304512053934559e-15
73 33 -2.081668171172169e-17
75 33 -1.254205073131232e-15
20 34 -0.6666666666666665
26 34 -6.619461931974042e-17
28 34 1.244617825787473e-17
34 34 2.666666666666664
40 34 6.619461931974043e-17
42 34 -1.244617825787476e-17
48 34 -0.6666666666666666
65 34 1.110223024625157e-16
66 34 -2.775557561562891e-17
74 34 -2.081668171172169e-17
75 34 -1.387778780781446e-17
35 35 1.333333333333332
37 35 -0.6666666666666666
36 36 1.333333333333332
38 36 -0.6666666666666666
69 36 -1.325328735646281e-15
31 37 -3.049055999700246e-17
35 37 -0.6666666666666666
37 37 2.666666666666664
39 37 -0.6666666666666666
45 37 3.049055999700245e-17
70 37 2.081668171172169e-17
72 37 -5.551115123125783e-17
32 38 -3.049055999700246e-17
36 38 -0.6666666666666666
38 38 2.666666666666664
40 38 -0.6666666666666666
46 38 3.049055999700245e-17
69 38 1.332267629550188e-15
71 38 2.081668171172169e-17
72 38 1.524821935383613e-15
31 39 -1.429980755455229e-17
33 39 6.619461931974043e-17
37 39 -0.6666666666666666
39 39 2.666666666666665
41 39 -0.6666666666666669
45 39 1.429980755455229e-17
47 39 -6.619461931974043e-17
70 39 -1.665334536937735e-16
72 39 1.110223024625157e-16
73 39 -9.367506770274758e-17
75 39 -1.35308431126191e-16
32 40 -1.429980755455229e-17
34 40 6.619461931974043e-17
38 40 -0.6666666666666666
40 40 2.666666666666665
42 40 -0.6666666666666669
46 40 1.429980755455229e-17
48 40 -6.619461931974043e-17
71 40 -1.665334536937735e-16
72 40 -1.498801083243961e-15
74 40 -9.367506770274758e-17
75 40 -1.351349587785933e-15
33 41 -1.244617825787476e-17
39 41 -0.6666666666666669
41 41 1.333333333333333
47 41 1.244617825787474e-17
73 41 -2.775557561562891e-17
75 41 1.665334536937735e-16
34 42 -1.244617825787476e-17
40 42 -0.6666666666666669
42 42 1.333333333333333
48 42 1.244617825787474e-17
74 42 -2.775557561562891e-17
75 42 1.360023205165817e-15
29 43 -0.6666666666666669
43 43 1.333333333333333
67 43 5.551115123125783e-17
69 43 1.207367539279858e-15
30 44 -0.6666666666666669
44 44 1.333333333333333
68 44 5.551115123125783e-17
31 45 -0.6666666666666669
37 45 3.049055999700245e-17
39 45 1.429980755455229e-17
45 45 1.333333333333333
70 45 -1.110223024625157e-16
72 45 -1.262878690511116e-15
32 46 -0.6666666666666669
38 46 3.049055999700245e-17
40 46 1.429980755455229e-17
46 46 1.333333333333333
71 46 -1.110223024625157e-16
33 47 -0.6666666666666666
39 47 -6.619461931974043e-17
41 47 1.244617825787474e-17
47 47 1.333333333333333
73 47 -5.551115123125783e-17
75 47 1.193489751472043e-15
34 48 -0.6666666666666666
40 48 -6.619461931974043e-17
42 48 1.244617825787474e-17
48 48 1.333333333333333
74 48 -5.551115123125783e-17
75 48 2.775557561562891e-17
1 49 4.163336342344337e-17
15 49 8.326672684688674e-17
49 49 5.688888888888884
51 49 2.775557561562891e-17
2 50 4.163336342344337e-17
16 50 8.326672684688674e-17
50 50 5.688888888888884
1 51 -1.148386941096646e-15
2 51 -6.938893903907228e-18
8 51 -1.242062008799394e-15
10 51 1.249000902703301e-15
15 51 1.137978600240785e-15
49 51 2.775557561562891e-17
51 51 3.982222222222217
3 52 -1.52655665885959e-16
9 52 1.387778780781446e-17
11 52 -1.387778780781446e-16
17 52 -1.387778780781446e-16
52 52 5.688888888888884
4 53 -1.52655665885959e-16
10 53 1.387778780781446e-17
12 53 -1.387778780781446e-16
18 53 -1.387778780781446e-16
53 53 5.688888888888884
3 54 1.311450947838466e-15
4 54 1.040834085586084e-17
9 54 -5.898059818321144e-17
10 54 1.266348137463069e-15
11 54 1.110223024625157e-16
12 54 -1.262878690511116e-15
17 54 -1.27675647831893e-15
54 54 3.982222222222217
5 55 -6.938893903907228e-17
11 55 -2.706168622523819e-16
13 55 1.387778780781446e-16
19 55 -2.775557561562891e-17
55 55 5.688888888888883
6 56 -6.938893903907228e-17
12 56 -2.706168622523819e-16
14 56 1.387778780781446e-16
20 56 -2.775557561562891e-17
56 56 5.688888888888883
57 56 -3.05311331771918e-16
5 57 -1.174407793236298e-15
6 57 6.938893903907228e-18
11 57 -1.283695372222837e-16
12 57 -1.354819034737886e-15
13 57 1.665334536937735e-16
14 57 1.346145417358002e-15
19 57 1.1518563880486e-15
20 57 2.775557561562891e-17
56 57 -3.05311331771918e-16
57 57 3.982222222222217
15 58 -1.006139616066548e-16
29 58 -8.326672684688674e-17
58 58 5.688888888888884
16 59 -1.006139616066548e-16
30 59 -8.326672684688674e-17
59 59 5.688888888888884
15 60 1.118896642005041e-15
16 60 6.938893903907228e-18
22 60 1.214306433183765e-15
24 60 -1.221245327087672e-15
29 60 -1.124100812432971e-15
60 60 3.982222222222217
17 61 1.561251128379126e-16
23 61 -1.387778780781446e-17
25 61 1.387778780781446e-16
31 61 1.942890293094024e-16
61 61 5.688888888888884
63 61 5.551115123125783e-17
18 62 1.561251128379126e-16
24 62 -1.387778780781446e-17
26 62 1.387778780781446e-16
32 62 1.942890293094024e-16
62 62 5.688888888888884
63 62 2.775557561562891e-17
17 63 -1.39645239816133e-15
18 63 -1.734723475976807e-17
23 63 5.551115123125783e-17
24 63 -1.271552307891e-15
25 63 -1.110223024625157e-16
26 63 1.27675647831893e-15
31 63 1.457167719820518e-15
61 63 5.551115123125783e-17
62 63 2.775557561562891e-17
63 63 3.982222222222217
19 64 1.214306433183765e-16
25 64 2.636779683484747e-16
27 64 -1.110223024625157e-16
33 64 1.110223024625157e-16
64 64 5.688888888888883
20 65 1.214306433183765e-16
26 65 2.636779683484747e-16
28 65 -1.110223024625157e-16
34 65 1.110223024625157e-16
65 65 5.688888888888883
66 65 -2.775557561562891e-16
19 66 1.31492039479042e-15
20 66 2.081668171172169e-17
25 66 1.595945597898663e-16
26 66 1.32012456521835e-15
27 66 -1.665334536937735e-16
28 66 -1.318389841742373e-15
33 66 -1.304512053934559e-15
34 66 -2.775557561562891e-17
65 66 -2.775557561562891e-16
66 66 3.982222222222217
29 67 9.367506770274758e-17
43 67 5.551115123125783e-17
67 67 5.688888888888883
69 67 2.775557561562891e-17
30 68 9.367506770274758e-17
44 68 5.551115123125783e-17
68 68 5.688888888888883
29 69 -1.229918944467556e-15
30 69 3.469446951953614e-18
36 69 -1.325328735646281e-15
38 69 1.332267629550188e-15
43 69 1.207367539279858e-15
67 69 2.775557561562891e-17
69 69 3.982222222222217
31 70 -1.491862189340054e-16
37 70 2.081668171172169e-17
39 70 -1.665334536937735e-16
45 70 -1.110223024625157e-16
70 70 5.688888888888883
72 70 2.775557561562891e-17
32 71 -1.491862189340054e-16
38 71 2.081668171172169e-17
40 71 -1.665334536937735e-16
46 71 -1.110223024625157e-16
71 71 5.688888888888883
31 72 1.226449497515603e-15
32 72 1.040834085586084e-17
37 72 -5.551115123125783e-17
38 72 1.524821935383613e-15
39 72 1.110223024625157e-16
40 72 -1.498801083243961e-15
45 72 -1.262878690511116e-15
70 72 2.775557561562891e-17
72 72 3.982222222222216
33 73 -2.081668171172169e-17
39 73 -9.367506770274758e-17
41 73 -2.775557561562891e-17
47 73 -5.551115123125783e-17
73 73 5.688888888888883
75 73 -2.775557561562891e-17
34 74 -2.081668171172169e-17
40 74 -9.367506770274758e-17
42 74 -2.775557561562891e-17
48 74 -5.551115123125783e-17
74 74 5.688888888888883
75 74 -1.665334536937735e-16
33 75 -1.254205073131232e-15
34 75 -1.387778780781446e-17
39 75 -1.35308431126191e-16
40 75 -1.351349587785933e-15
41 75 1.665334536937735e-16
42 75 1.360023205165817e-15
47 75 1.193489751472043e-15
48 75 2.775557561562891e-17
73 75 -2.775557561562891e-17
74 75 -1.665334536937735e-16
75 75 3.982222222222216


# name: AELEM
# type: matrix
# rows: 11
# columns: 11
 1.333333333333332 0 -1.244617825787476e-17 0 -0.6666666666666666 0 6.619461931974043e-17 0 -2.081668171172169e-17 0 -1.254205073131232e-15
 0 1.333333333333332 0 -1.244617825787476e-17 0 -0.6666666666666666 0 6.619461931974043e-17 0 -2.081668171172169e-17 -1.387778780781446e-17
 -1.244617825787476e-17 0 1.333333333333333 0 1.244617825787474e-17 0 -0.6666666666666669 0 -2.775557561562891e-17 0 1.665334536937735e-16
 0 -1.244617825787476e-17 0 1.333333333333333 0 1.244617825787474e-17 0 -0.6666666666666669 0 -2.775557561562891e-17 1.360023205165817e-15
 -0.6666666666666666 0 1.244617825787474e-17 0 1.333333333333333 0 -6.619461931974043e-17 0 -5.551115123125783e-17 0 1.193489751472043e-15
 0 -0.6666666666666666 0 1.244617825787474e-17 0 1.333333333333333 0 -6.619461931974043e-17 0 -5.551115123125783e-17 2.775557561562891e-17
 6.619461931974043e-17 0 -0.6666666666666669 0 -6.619461931974043e-17 0 1.333333333333333 0 -9.367506770274758e-17 0 -1.35308431126191e-16
 0 6.619461931974043e-17 0 -0.6666666666666669 0 -6.619461931974043e-17 0 1.333333333333333 0 -9.367506770274758e-17 -1.351349587785933e-15
 -2.081668171172169e-17 0 -2.775557561562891e-17 0 -5.551115123125783e-17 0 -9.367506770274758e-17 0 5.688888888888883 0 -2.775557561562891e-17
 0 -2.081668171172169e-17 0 -2.775557561562891e-17 0 -5.551115123125783e-17 0 -9.367506770274758e-17 0 5.688888888888883 -1.665334536937735e-16
 -1.254205073131232e-15 -1.387778780781446e-17 1.665334536937735e-16 1.360023205165817e-15 1.193489751472043e-15 2.775557561562891e-17 -1.35308431126191e-16 -1.351349587785933e-15 -2.775557561562891e-17 -1.665334536937735e-16 3.982222222222216


# name: B
# type: sparse matrix
# nnz: 72
# rows: 75
# columns: 18
1 1 2
7 1 2
9 1 2
15 1 2
2 2 2
8 2 2
10 2 2
16 2 2
3 3 -2
9 3 -2
11 3 -2
17 3 -2
4 4 -2
10 4 -2
12 4 -2
18 4 -2
5 5 2
11 5 2
13 5 2
19 5 2
6 6 2
12 6 2
14 6 2
20 6 2
15 7 -2
21 7 -2
23 7 -2
29 7 -2
16 8 -2
22 8 -2
24 8 -2
30 8 -2
17 9 2
23 9 2
25 9 2
31 9 2
18 10 2
24 10 2
26 10 2
32 10 2
19 11 -2
25 11 -2
27 11 -2
33 11 -2
20 12 -2
26 12 -2
28 12 -2
34 12 -2
29 13 2
35 13 2
37 13 2
43 13 2
30 14 2
36 14 2
38 14 2
44 14 2
31 15 -2
37 15 -2
39 15 -2
45 15 -2
32 16 -2
38 16 -2
40 16 -2
46 16 -2
33 17 2
39 17 2
41 17 2
47 17 2
34 18 2
40 18 2
42 18 2
48 18 2


# name: BELEM
# type: matrix
# rows: 11
# columns: 2
 2 0
 0 2
 2 0
 0 2
 2 0
 0 2
 2 0
 0 2
 0 0
 0 0
 0 0


# name: C
# type: sparse matrix
# nnz: 36
# rows: 75
# columns: 16
1 1 -0.1481481481481481
1 2 -0.111111111111111
3 2 -0.1481481481481481
3 3 0.1111111111111109
5 3 -0.148148148148148
5 4 -0.1111111111111111
1 5 0.111111111111111
15 5 -0.148148148148148
1 6 0.1481481481481481
3 6 -0.111111111111111
15 6 0.1111111111111109
17 6 -0.148148148148148
3 7 0.148148148148148
5 7 0.1111111111111109
17 7 -0.111111111111111
19 7 -0.1481481481481481
5 8 0.1481481481481481
19 8 0.111111111111111
15 9 -0.1111111111111109
29 9 -0.1481481481481481
15 10 0.1481481481481481
17 10 0.1111111111111109
29 10 -0.1111111111111109
31 10 -0.1481481481481481
17 11 0.148148148148148
19 11 -0.1111111111111109
31 11 0.111111111111111
33 11 -0.1481481481481481
19 12 0.1481481481481481
33 12 -0.111111111111111
29 13 0.111111111111111
29 14 0.1481481481481481
31 14 -0.111111111111111
31 15 0.1481481481481481
33 15 0.1111111111111109
33 16 0.1481481481481481


# name: CELEM
# type: matrix
# rows: 11
# columns: 4
 -0.1111111111111111 -0.1111111111111111 -0.05555555555555557 -0.05555555555555558
 0 0 0 0
 5.011423375044105e-18 -2.937060332064981e-18 -2.937060332064981e-18 5.011423375044105e-18
 -0.05555555555555559 -0.1111111111111111 -0.1111111111111111 -0.05555555555555559
 0.05555555555555558 0.05555555555555557 0.1111111111111111 0.1111111111111111
 0 0 0 0
 -6.021013178245969e-18 -5.011423375044105e-18 -5.011423375044105e-18 -6.021013178245969e-18
 0.1111111111111111 0.05555555555555559 0.05555555555555559 0.1111111111111111
 -0.07407407407407403 0.07407407407407404 0.07407407407407403 -0.07407407407407406
 -0.07407407407407406 -0.07407407407407406 0.07407407407407404 0.07407407407407403
 -4.385168365371156e-18 -3.807349192816045e-19 -1.687530748663815e-17 -1.339116098910766e-17


# name: K
# type: sparse matrix
# nnz: 717
# rows: 109
# columns: 109
1 1 1.333333333333333
15 1 -0.6666666666666667
49 1 4.163336342344337e-17
51 1 -1.148386941096646e-15
76 1 2
94 1 -0.1481481481481481
95 1 -0.111111111111111
98 1 0.111111111111111
99 1 0.1481481481481481
2 2 1.333333333333333
16 2 -0.6666666666666667
50 2 4.163336342344337e-17
51 2 -6.938893903907228e-18
77 2 2
3 3 1.333333333333333
9 3 -3.049055999700247e-17
11 3 -1.429980755455228e-17
17 3 -0.6666666666666666
52 3 -1.52655665885959e-16
54 3 1.311450947838466e-15
78 3 -2
95 3 -0.1481481481481481
96 3 0.1111111111111109
99 3 -0.111111111111111
100 3 0.148148148148148
4 4 1.333333333333333
10 4 -3.049055999700247e-17
12 4 -1.429980755455228e-17
18 4 -0.6666666666666666
53 4 -1.52655665885959e-16
54 4 1.040834085586084e-17
79 4 -2
5 5 1.333333333333332
11 5 6.619461931974043e-17
13 5 -1.244617825787475e-17
19 5 -0.6666666666666665
55 5 -6.938893903907228e-17
57 5 -1.174407793236298e-15
80 5 2
96 5 -0.148148148148148
97 5 -0.1111111111111111
100 5 0.1111111111111109
101 5 0.1481481481481481
6 6 1.333333333333332
12 6 6.619461931974043e-17
14 6 -1.244617825787475e-17
20 6 -0.6666666666666665
56 6 -6.938893903907228e-17
57 6 6.938893903907228e-18
81 6 2
7 7 1.333333333333333
9 7 -0.6666666666666666
76 7 2
8 8 1.333333333333333
10 8 -0.6666666666666666
51 8 -1.242062008799394e-15
77 8 2
3 9 -3.049055999700247e-17
7 9 -0.6666666666666666
9 9 2.666666666666665
11 9 -0.6666666666666669
17 9 3.049055999700247e-17
52 9 1.387778780781446e-17
54 9 -5.898059818321144e-17
76 9 2
78 9 -2
4 10 -3.049055999700247e-17
8 10 -0.6666666666666666
10 10 2.666666666666665
12 10 -0.6666666666666669
18 10 3.049055999700247e-17
51 10 1.249000902703301e-15
53 10 1.387778780781446e-17
54 10 1.266348137463069e-15
77 10 2
79 10 -2
3 11 -1.429980755455228e-17
5 11 6.619461931974043e-17
9 11 -0.6666666666666669
11 11 2.666666666666666
13 11 -0.6666666666666671
17 11 1.429980755455228e-17
19 11 -6.619461931974042e-17
52 11 -1.387778780781446e-16
54 11 1.110223024625157e-16
55 11 -2.706168622523819e-16
57 11 -1.283695372222837e-16
78 11 -2
80 11 2
4 12 -1.429980755455228e-17
6 12 6.619461931974043e-17
10 12 -0.6666666666666669
12 12 2.666666666666666
14 12 -0.6666666666666671
18 12 1.429980755455228e-17
20 12 -6.619461931974042e-17
53 12 -1.387778780781446e-16
54 12 -1.262878690511116e-15
56 12 -2.706168622523819e-16
57 12 -1.354819034737886e-15
79 12 -2
81 12 2
5 13 -1.244617825787475e-17
11 13 -0.6666666666666671
13 13 1.333333333333333
19 13 1.244617825787473e-17
55 13 1.387778780781446e-16
57 13 1.665334536937735e-16
80 13 2
6 14 -1.244617825787475e-17
12 14 -0.6666666666666671
14 14 1.333333333333333
20 14 1.244617825787473e-17
56 14 1.387778780781446e-16
57 14 1.346145417358002e-15
81 14 2
1 15 -0.6666666666666667
15 15 2.666666666666665
29 15 -0.6666666666666667
49 15 8.326672684688674e-17
51 15 1.137978600240785e-15
58 15 -1.006139616066548e-16
60 15 1.118896642005041e-15
76 15 2
82 15 -2
98 15 -0.148148148148148
99 15 0.1111111111111109
102 15 -0.1111111111111109
103 15 0.1481481481481481
2 16 -0.6666666666666667
16 16 2.666666666666665
30 16 -0.6666666666666667
50 16 8.326672684688674e-17
59 16 -1.006139616066548e-16
60 16 6.938893903907228e-18
77 16 2
83 16 -2
3 17 -0.6666666666666666
9 17 3.049055999700247e-17
11 17 1.429980755455228e-17
17 17 2.666666666666665
23 17 -3.049055999700247e-17
25 17 -1.429980755455228e-17
31 17 -0.6666666666666666
52 17 -1.387778780781446e-16
54 17 -1.27675647831893e-15
61 17 1.561251128379126e-16
63 17 -1.39645239816133e-15
78 17 -2
84 17 2
99 17 -0.148148148148148
100 17 -0.111111111111111
103 17 0.1111111111111109
104 17 0.148148148148148
4 18 -0.6666666666666666
10 18 3.049055999700247e-17
12 18 1.429980755455228e-17
18 18 2.666666666666665
24 18 -3.049055999700247e-17
26 18 -1.429980755455228e-17
32 18 -0.6666666666666666
53 18 -1.387778780781446e-16
62 18 1.561251128379126e-16
63 18 -1.734723475976807e-17
79 18 -2
85 18 2
5 19 -0.6666666666666665
11 19 -6.619461931974042e-17
13 19 1.244617825787473e-17
19 19 2.666666666666664
25 19 6.619461931974043e-17
27 19 -1.244617825787476e-17
33 19 -0.6666666666666665
55 19 -2.775557561562891e-17
57 19 1.1518563880486e-15
64 19 1.214306433183765e-16
66 19 1.31492039479042e-15
80 19 2
86 19 -2
100 19 -0.1481481481481481
101 19 0.111111111111111
104 19 -0.1111111111111109
105 19 0.1481481481481481
6 20 -0.6666666666666665
12 20 -6.619461931974042e-17
14 20 1.244617825787473e-17
20 20 2.666666666666664
26 20 6.619461931974043e-17
28 20 -1.244617825787476e-17
34 20 -0.6666666666666665
56 20 -2.775557561562891e-17
57 20 2.775557561562891e-17
65 20 1.214306433183765e-16
66 20 2.081668171172169e-17
81 20 2
87 20 -2
21 21 1.333333333333333
23 21 -0.6666666666666669
82 21 -2
22 22 1.333333333333333
24 22 -0.6666666666666669
60 22 1.214306433183765e-15
83 22 -2
17 23 -3.049055999700247e-17
21 23 -0.6666666666666669
23 23 2.666666666666665
25 23 -0.6666666666666669
31 23 3.049055999700247e-17
61 23 -1.387778780781446e-17
63 23 5.551115123125783e-17
82 23 -2
84 23 2
18 24 -3.049055999700247e-17
22 24 -0.6666666666666669
24 24 2.666666666666665
26 24 -0.6666666666666669
32 24 3.049055999700247e-17
60 24 -1.221245327087672e-15
62 24 -1.387778780781446e-17
63 24 -1.271552307891e-15
83 24 -2
85 24 2
17 25 -1.429980755455228e-17
19 25 6.619461931974043e-17
23 25 -0.6666666666666669
25 25 2.666666666666666
27 25 -0.6666666666666671
31 25 1.429980755455228e-17
33 25 -6.619461931974042e-17
61 25 1.387778780781446e-16
63 25 -1.110223024625157e-16
64 25 2.636779683484747e-16
66 25 1.595945597898663e-16
84 25 2
86 25 -2
18 26 -1.429980755455228e-17
20 26 6.619461931974043e-17
24 26 -0.6666666666666669
26 26 2.666666666666666
28 26 -0.6666666666666671
32 26 1.429980755455228e-17
34 26 -6.619461931974042e-17
62 26 1.387778780781446e-16
63 26 1.27675647831893e-15
65 26 2.636779683484747e-16
66 26 1.32012456521835e-15
85 26 2
87 26 -2
19 27 -1.244617825787476e-17
25 27 -0.6666666666666671
27 27 1.333333333333333
33 27 1.244617825787473e-17
64 27 -1.110223024625157e-16
66 27 -1.665334536937735e-16
86 27 -2
20 28 -1.244617825787476e-17
26 28 -0.6666666666666671
28 28 1.333333333333333
34 28 1.244617825787473e-17
65 28 -1.110223024625157e-16
66 28 -1.318389841742373e-15
87 28 -2
15 29 -0.6666666666666667
29 29 2.666666666666665
43 29 -0.6666666666666669
58 29 -8.326672684688674e-17
60 29 -1.124100812432971e-15
67 29 9.367506770274758e-17
69 29 -1.229918944467556e-15
82 29 -2
88 29 2
102 29 -0.1481481481481481
103 29 -0.1111111111111109
106 29 0.111111111111111
107 29 0.1481481481481481
16 30 -0.6666666666666667
30 30 2.666666666666665
44 30 -0.6666666666666669
59 30 -8.326672684688674e-17
68 30 9.367506770274758e-17
69 30 3.469446951953614e-18
83 30 -2
89 30 2
17 31 -0.6666666666666666
23 31 3.049055999700247e-17
25 31 1.429980755455228e-17
31 31 2.666666666666665
37 31 -3.049055999700246e-17
39 31 -1.429980755455229e-17
45 31 -0.6666666666666669
61 31 1.942890293094024e-16
63 31 1.457167719820518e-15
70 31 -1.491862189340054e-16
72 31 1.226449497515603e-15
84 31 2
90 31 -2
103 31 -0.1481481481481481
104 31 0.111111111111111
107 31 -0.111111111111111
108 31 0.1481481481481481
18 32 -0.6666666666666666
24 32 3.049055999700247e-17
26 32 1.429980755455228e-17
32 32 2.666666666666665
38 32 -3.049055999700246e-17
40 32 -1.429980755455229e-17
46 32 -0.6666666666666669
62 32 1.942890293094024e-16
71 32 -1.491862189340054e-16
72 32 1.040834085586084e-17
85 32 2
91 32 -2
19 33 -0.6666666666666665
25 33 -6.619461931974042e-17
27 33 1.244617825787473e-17
33 33 2.666666666666664
39 33 6.619461931974043e-17
41 33 -1.244617825787476e-17
47 33 -0.6666666666666666
64 33 1.110223024625157e-16
66 33 -1.304512053934559e-15
73 33 -2.081668171172169e-17
75 33 -1.254205073131232e-15
86 33 -2
92 33 2
104 33 -0.1481481481481481
105 33 -0.111111111111111
108 33 0.1111111111111109
109 33 0.1481481481481481
20 34 -0.6666666666666665
26 34 -6.619461931974042e-17
28 34 1.244617825787473e-17
34 34 2.666666666666664
40 34 6.619461931974043e-17
42 34 -1.244617825787476e-17
48 34 -0.6666666666666666
65 34 1.110223024625157e-16
66 34 -2.775557561562891e-17
74 34 -2.081668171172169e-17
75 34 -1.387778780781446e-17
87 34 -2
93 34 2
35 35 1.333333333333332
37 35 -0.6666666666666666
88 35 2
36 36 1.333333333333332
38 36 -0.6666666666666666
69 36 -1.325328735646281e-15
89 36 2
31 37 -3.049055999700246e-17
35 37 -0.6666666666666666
37 37 2.666666666666664
39 37 -0.6666666666666666
45 37 3.049055999700245e-17
70 37 2.081668171172169e-17
72 37 -5.551115123125783e-17
88 37 2
90 37 -2
32 38 -3.049055999700246e-17
36 38 -0.6666666666666666
38 38 2.666666666666664
40 38 -0.6666666666666666
46 38 3.049055999700245e-17
69 38 1.332267629550188e-15
71 38 2.081668171172169e-17
72 38 1.524821935383613e-15
89 38 2
91 38 -2
31 39 -1.429980755455229e-17
33 39 6.619461931974043e-17
37 39 -0.6666666666666666
39 39 2.666666666666665
41 39 -0.6666666666666669
45 39 1.429980755455229e-17
47 39 -6.619461931974043e-17
70 39 -1.665334536937735e-16
72 39 1.110223024625157e-16
73 39 -9.367506770274758e-17
75 39 -1.35308431126191e-16
90 39 -2
92 39 2
32 40 -1.429980755455229e-17
34 40 6.619461931974043e-17
38 40 -0.6666666666666666
40 40 2.666666666666665
42 40 -0.6666666666666669
46 40 1.429980755455229e-17
48 40 -6.619461931974043e-17
71 40 -1.665334536937735e-16
72 40 -1.498801083243961e-15
74 40 -9.367506770274758e-17
75 40 -1.351349587785933e-15
91 40 -2
93 40 2
33 41 -1.244617825787476e-17
39 41 -0.6666666666666669
41 41 1.333333333333333
47 41 1.244617825787474e-17
73 41 -2.775557561562891e-17
75 41 1.665334536937735e-16
92 41 2
34 42 -1.244617825787476e-17
40 42 -0.6666666666666669
42 42 1.333333333333333
48 42 1.244617825787474e-17
74 42 -2.775557561562891e-17
75 42 1.360023205165817e-15
93 42 2
29 43 -0.6666666666666669
43 43 1.333333333333333
67 43 5.551115123125783e-17
69 43 1.207367539279858e-15
88 43 2
30 44 -0.6666666666666669
44 44 1.333333333333333
68 44 5.551115123125783e-17
89 44 2
31 45 -0.6666666666666669
37 45 3.049055999700245e-17
39 45 1.429980755455229e-17
45 45 1.333333333333333
70 45 -1.110223024625157e-16
72 45 -1.262878690511116e-15
90 45 -2
32 46 -0.6666666666666669
38 46 3.049055999700245e-17
40 46 1.429980755455229e-17
46 46 1.333333333333333
71 46 -1.110223024625157e-16
91 46 -2
33 47 -0.6666666666666666
39 47 -6.619461931974043e-17
41 47 1.244617825787474e-17
47 47 1.333333333333333
73 47 -5.551115123125783e-17
75 47 1.193489751472043e-15
92 47 2
34 48 -0.6666666666666666
40 48 -6.619461931974043e-17
42 48 1.244617825787474e-17
48 48 1.333333333333333
74 48 -5.551115123125783e-17
75 48 2.775557561562891e-17
93 48 2
1 49 4.163336342344337e-17
15 49 8.326672684688674e-17
49 49 5.688888888888884
51 49 2.775557561562891e-17
2 50 4.163336342344337e-17
16 50 8.326672684688674e-17
50 50 5.688888888888884
1 51 -1.148386941096646e-15
2 51 -6.938893903907228e-18
8 51 -1.242062008799394e-15
10 51 1.249000902703301e-15
15 51 1.137978600240785e-15
49 51 2.775557561562891e-17
51 51 3.982222222222217
3 52 -1.52655665885959e-16
9 52 1.387778780781446e-17
11 52 -1.387778780781446e-16
17 52 -1.387778780781446e-16
52 52 5.688888888888884
4 53 -1.52655665885959e-16
10 53 1.387778780781446e-17
12 53 -1.387778780781446e-16
18 53 -1.387778780781446e-16
53 53 5.688888888888884
3 54 1.311450947838466e-15
4 54 1.040834085586084e-17
9 54 -5.898059818321144e-17
10 54 1.266348137463069e-15
11 54 1.110223024625157e-16
12 54 -1.262878690511116e-15
17 54 -1.27675647831893e-15
54 54 3.982222222222217
5 55 -6.938893903907228e-17
11 55 -2.706168622523819e-16
13 55 1.387778780781446e-16
19 55 -2.775557561562891e-17
55 55 5.688888888888883
6 56 -6.938893903907228e-17
12 56 -2.706168622523819e-16
14 56 1.387778780781446e-16
20 56 -2.775557561562891e-17
56 56 5.688888888888883
57 56 -3.05311331771918e-16
5 57 -1.174407793236298e-15
6 57 6.938893903907228e-18
11 57 -1.283695372222837e-16
12 57 -1.354819034737886e-15
13 57 1.665334536937735e-16
14 57 1.346145417358002e-15
19 57 1.1518563880486e-15
20 57 2.775557561562891e-17
56 57 -3.05311331771918e-16
57 57 3.982222222222217
15 58 -1.006139616066548e-16
29 58 -8.326672684688674e-17
58 58 5.688888888888884
16 59 -1.006139616066548e-16
30 59 -8.326672684688674e-17
59 59 5.688888888888884
15 60 1.118896642005041e-15
16 60 6.938893903907228e-18
22 60 1.214306433183765e-15
24 60 -1.221245327087672e-15
29 60 -1.124100812432971e-15
60 60 3.982222222222217
17 61 1.561251128379126e-16
23 61 -1.387778780781446e-17
25 61 1.387778780781446e-16
31 61 1.942890293094024e-16
61 61 5.688888888888884
63 61 5.551115123125783e-17
18 62 1.561251128379126e-16
24 62 -1.387778780781446e-17
26 62 1.387778780781446e-16
32 62 1.942890293094024e-16
62 62 5.688888888888884
63 62 2.775557561562891e-17
17 63 -1.39645239816133e-15
18 63 -1.734723475976807e-17
23 63 5.551115123125783e-17
24 63 -1.271552307891e-15
25 63 -1.110223024625157e-16
26 63 1.27675647831893e-15
31 63 1.457167719820518e-15
61 63 5.551115123125783e-17
62 63 2.775557561562891e-17
63 63 3.982222222222217
19 64 1.214306433183765e-16
25 64 2.636779683484747e-16
27 64 -1.110223024625157e-16
33 64 1.110223024625157e-16
64 64 5.688888888888883
20 65 1.214306433183765e-16
26 65 2.636779683484747e-16
28 65 -1.110223024625157e-16
34 65 1.110223024625157e-16
65 65 5.688888888888883
66 65 -2.775557561562891e-16
19 66 1.31492039479042e-15
20 66 2.081668171172169e-17
25 66 1.595945597898663e-16
26 66 1.32012456521835e-15
27 66 -1.665334536937735e-16
28 66 -1.318389841742373e-15
33 66 -1.304512053934559e-15
34 66 -2.775557561562891e-17
65 66 -2.775557561562891e-16
66 66 3.982222222222217
29 67 9.367506770274758e-17
43 67 5.551115123125783e-17
67 67 5.688888888888883
69 67 2.775557561562891e-17
30 68 9.367506770274758e-17
44 68 5.551115123125783e-17
68 68 5.688888888888883
29 69 -1.229918944467556e-15
30 69 3.469446951953614e-18
36 69 -1.325328735646281e-15
38 69 1.332267629550188e-15
43 69 1.207367539279858e-15
67 69 2.775557561562891e-17
69 69 3.982222222222217
31 70 -1.491862189340054e-16
37 70 2.081668171172169e-17
39 70 -1.665334536937735e-16
45 70 -1.110223024625157e-16
70 70 5.688888888888883
72 70 2.775557561562891e-17
32 71 -1.491862189340054e-16
38 71 2.081668171172169e-17
40 71 -1.665334536937735e-16
46 71 -1.110223024625157e-16
71 71 5.688888888888883
31 72 1.226449497515603e-15
32 72 1.040834085586084e-17
37 72 -5.551115123125783e-17
38 72 1.524821935383613e-15
39 72 1.110223024625157e-16
40 72 -1.498801083243961e-15
45 72 -1.262878690511116e-15
70 72 2.775557561562891e-17
72 72 3.982222222222216
33 73 -2.081668171172169e-17
39 73 -9.367506770274758e-17
41 73 -2.775557561562891e-17
47 73 -5.551115123125783e-17
73 73 5.688888888888883
75 73 -2.775557561562891e-17
34 74 -2.081668171172169e-17
40 74 -9.367506770274758e-17
42 74 -2.775557561562891e-17
48 74 -5.551115123125783e-17
74 74 5.688888888888883
75 74 -1.665334536937735e-16
33 75 -1.254205073131232e-15
34 75 -1.387778780781446e-17
39 75 -1.35308431126191e-16
40 75 -1.351349587785933e-15
41 75 1.665334536937735e-16
42 75 1.360023205165817e-15
47 75 1.193489751472043e-15
48 75 2.775557561562891e-17
73 75 -2.775557561562891e-17
74 75 -1.665334536937735e-16
75 75 3.982222222222216
1 76 2
7 76 2
9 76 2
15 76 2
2 77 2
8 77 2
10 77 2
16 77 2
3 78 -2
9 78 -2
11 78 -2
17 78 -2
4 79 -2
10 79 -2
12 79 -2
18 79 -2
5 80 2
11 80 2
13 80 2
19 80 2
6 81 2
12 81 2
14 81 2
20 81 2
15 82 -2
21 82 -2
23 82 -2
29 82 -2
16 83 -2
22 83 -2
24 83 -2
30 83 -2
17 84 2
23 84 2
25 84 2
31 84 2
18 85 2
24 85 2
26 85 2
32 85 2
19 86 -2
25 86 -2
27 86 -2
33 86 -2
20 87 -2
26 87 -2
28 87 -2
34 87 -2
29 88 2
35 88 2
37 88 2
43 88 2
30 89 2
36 89 2
38 89 2
44 89 2
31 90 -2
37 90 -2
39 90 -2
45 90 -2
32 91 -2
38 91 -2
40 91 -2
46 91 -2
33 92 2
39 92 2
41 92 2
47 92 2
34 93 2
40 93 2
42 93 2
48 93 2
1 94 -0.1481481481481481
1 95 -0.111111111111111
3 95 -0.1481481481481481
3 96 0.1111111111111109
5 96 -0.148148148148148
5 97 -0.1111111111111111
1 98 0.111111111111111
15 98 -0.148148148148148
1 99 0.1481481481481481
3 99 -0.111111111111111
15 99 0.1111111111111109
17 99 -0.148148148148148
3 100 0.148148148148148
5 100 0.1111111111111109
17 100 -0.111111111111111
19 100 -0.1481481481481481
5 101 0.1481481481481481
19 101 0.111111111111111
15 102 -0.1111111111111109
29 102 -0.1481481481481481
15 103 0.1481481481481481
17 103 0.1111111111111109
29 103 -0.1111111111111109
31 103 -0.1481481481481481
17 104 0.148148148148148
19 104 -0.1111111111111109
31 104 0.111111111111111
33 104 -0.1481481481481481
19 105 0.1481481481481481
33 105 -0.111111111111111
29 106 0.111111111111111
29 107 0.1481481481481481
31 107 -0.111111111111111
31 108 0.1481481481481481
33 108 0.1111111111111109
33 109 0.1481481481481481


# name: X
# type: matrix
# rows: 1
# columns: 4
 1 2 3 4


# name: Y
# type: matrix
# rows: 1
# columns: 4
 1 2 3 4


# name: Z_rot
# type: sparse matrix
# nnz: 16
# rows: 4
# columns: 4
1 1 -0.3085401345642311
2 1 0.3322943803381204
3 1 -0.7188284366383497
4 1 -0.2220403692692852
1 2 0.2431843164037349
2 2 0.6332924133865576
3 2 -0.2786149821432004
4 2 0.1986025230170871
1 3 0.1424948716323272
2 3 -0.1249138399119376
3 3 0.5180165567131106
4 3 -0.03905445687118331
1 4 -0.1002453450164293
2 4 -0.343863642396447
3 4 0.1893902964701804
4 4 -0.1211741511500548


# name: b_load
# type: matrix
# rows: 2
# columns: 1
 0.1111111111111111
 0.1111111111111111


# name: cf
# type: matrix
# rows: 1
# columns: 2
 1 -0


# name: coordinates
# type: matrix
# rows: 16
# columns: 2
 0 0
 0.3333333333333333 0
 0.6666666666666666 0
 1 0
 0 0.3333333333333333
 0.3333333333333333 0.3333333333333333
 0.6666666666666666 0.3333333333333333
 1 0.3333333333333333
 0 0.6666666666666666
 0.3333333333333333 0.6666666666666666
 0.6666666666666666 0.6666666666666666
 1 0.6666666666666666
 0 1
 0.3333333333333333 1
 0.6666666666666666 1
 1 1


# name: element
# type: matrix
# rows: 9
# columns: 4
 1 2 6 5
 2 3 7 6
 3 4 8 7
 5 6 10 9
 6 7 11 10
 7 8 12 11
 9 10 14 13
 10 11 15 14
 11 12 16 15


# name: f_load
# type: matrix
# rows: 2
# columns: 1
 1
 1


# name: heigth
# type: scalar
1


# name: i
# type: scalar
9


# name: ii
# type: scalar
2


# name: j
# type: scalar
11


# name: jj
# type: scalar
4


# name: k
# type: scalar
9


# name: lambda
# type: scalar
0


# name: length
# type: scalar
1


# name: load
# type: sparse matrix
# nnz: 18
# rows: 109
# columns: 1
76 1 0.1111111111111111
77 1 0.1111111111111111
78 1 0.1111111111111111
79 1 0.1111111111111111
80 1 0.1111111111111111
81 1 0.1111111111111111
82 1 0.1111111111111111
83 1 0.1111111111111111
84 1 0.1111111111111111
85 1 0.1111111111111111
86 1 0.1111111111111111
87 1 0.1111111111111111
88 1 0.1111111111111111
89 1 0.1111111111111111
90 1 0.1111111111111111
91 1 0.1111111111111111
92 1 0.1111111111111111
93 1 0.1111111111111111


# name: mc
# type: matrix
# rows: 9
# columns: 12
 1 2 9 10 15 16 7 8 49 50 51 1
 3 4 11 12 17 18 9 10 52 53 54 -1
 5 6 13 14 19 20 11 12 55 56 57 1
 15 16 23 24 29 30 21 22 58 59 60 -1
 17 18 25 26 31 32 23 24 61 62 63 1
 19 20 27 28 33 34 25 26 64 65 66 -1
 29 30 37 38 43 44 35 36 67 68 69 1
 31 32 39 40 45 46 37 38 70 71 72 -1
 33 34 41 42 47 48 39 40 73 74 75 1


# name: mu
# type: scalar
0.5


# name: ndx
# type: scalar
3


# name: ndy
# type: scalar
3


# name: nelem
# type: scalar
9


# name: ngdls
# type: scalar
75


# name: ngdlt
# type: scalar
109


# name: nnod
# type: scalar
16


# name: point
# type: matrix
# rows: 4
# columns: 2
 0.6666666666666666 0.6666666666666666
 1 0.6666666666666666
 1 1
 0.6666666666666666 1


# name: poisson
# type: scalar
0


# name: rot
# type: sparse matrix
# nnz: 16
# rows: 16
# columns: 1
1 1 -0.3085401345642311
2 1 0.3322943803381204
3 1 -0.7188284366383497
4 1 -0.2220403692692852
5 1 0.2431843164037349
6 1 0.6332924133865576
7 1 -0.2786149821432004
8 1 0.1986025230170871
9 1 0.1424948716323272
10 1 -0.1249138399119376
11 1 0.5180165567131106
12 1 -0.03905445687118331
13 1 -0.1002453450164293
14 1 -0.343863642396447
15 1 0.1893902964701804
16 1 -0.1211741511500548


# name: segno
# type: scalar
1


# name: soluz
# type: sparse matrix
# nnz: 99
# rows: 109
# columns: 1
2 1 0.03409090909090908
4 1 -0.05681818181818181
6 1 0.0340909090909091
7 1 0.08333333333333333
8 1 0.03409090909090908
9 1 -0.02777777777777778
10 1 -0.006313131313131316
11 1 -0.02777777777777776
12 1 -0.006313131313131308
13 1 0.0833333333333333
14 1 0.03409090909090908
16 1 -0.006313131313131311
18 1 0.01388888888888889
20 1 -0.006313131313131314
21 1 -0.08333333333333331
22 1 -0.0568181818181818
23 1 0.02777777777777778
24 1 0.01388888888888888
25 1 0.02777777777777775
26 1 0.01388888888888887
27 1 -0.08333333333333331
28 1 -0.0568181818181818
30 1 -0.006313131313131312
32 1 0.01388888888888889
34 1 -0.006313131313131315
35 1 0.02857142857142858
36 1 0.0340909090909091
37 1 -0.003174603174603175
38 1 -0.006313131313131313
39 1 -0.003174603174603165
40 1 -0.006313131313131304
41 1 0.02857142857142857
42 1 0.0340909090909091
43 1 0.03015873015873015
44 1 0.03409090909090907
45 1 -0.04920634920634921
46 1 -0.0568181818181818
47 1 0.03015873015873016
48 1 0.03409090909090909
49 1 -6.182794962117239e-35
50 1 -1.570861102180704e-19
51 1 1.267249292515526e-17
52 1 -6.098637220230961e-19
53 1 -1.324451517524907e-18
54 1 5.17020110661718e-19
55 1 -3.354250471127032e-18
56 1 -7.469290534878841e-19
57 1 -1.80676527820497e-17
59 1 -2.040579372930816e-19
60 1 2.159604002661875e-17
61 1 -6.098637220230961e-19
62 1 -1.160435137738392e-18
63 1 4.295667089646838e-19
64 1 -2.913793338554795e-18
65 1 -1.494628136927817e-18
66 1 -2.802414006204799e-17
67 1 -2.942834468174943e-19
68 1 -2.286988957586612e-19
69 1 4.319616592645255e-18
70 1 -1.041608515709289e-18
71 1 -9.063252535621019e-19
72 1 -1.555556364011299e-17
73 1 3.814068356779368e-19
74 1 3.719244668398426e-19
75 1 -2.438620427062718e-17
76 1 -0.06481481481481477
77 1 -0.02483164983164981
78 1 -0.1203703703703703
79 1 -0.04250841750841749
80 1 -0.06481481481481478
81 1 -0.02483164983164982
82 1 -0.06481481481481478
83 1 -0.04250841750841748
84 1 -0.1203703703703703
85 1 -0.0753367003367003
86 1 -0.0648148148148148
87 1 -0.0425084175084175
88 1 -0.02010582010582009
89 1 -0.02483164983164981
90 1 -0.03280423280423279
91 1 -0.04250841750841748
92 1 -0.0201058201058201
93 1 -0.02483164983164982
94 1 -0.3085401345642311
95 1 0.3322943803381204
96 1 -0.7188284366383497
97 1 -0.2220403692692852
98 1 0.2431843164037349
99 1 0.6332924133865576
100 1 -0.2786149821432004
101 1 0.1986025230170871
102 1 0.1424948716323272
103 1 -0.1249138399119376
104 1 0.5180165567131106
105 1 -0.03905445687118331
106 1 -0.1002453450164293
107 1 -0.343863642396447
108 1 0.1893902964701804
109 1 -0.1211741511500548


# name: spost
# type: sparse matrix
# nnz: 18
# rows: 18
# columns: 1
1 1 -0.06481481481481477
2 1 -0.02483164983164981
3 1 -0.1203703703703703
4 1 -0.04250841750841749
5 1 -0.06481481481481478
6 1 -0.02483164983164982
7 1 -0.06481481481481478
8 1 -0.04250841750841748
9 1 -0.1203703703703703
10 1 -0.0753367003367003
11 1 -0.0648148148148148
12 1 -0.0425084175084175
13 1 -0.02010582010582009
14 1 -0.02483164983164981
15 1 -0.03280423280423279
16 1 -0.04250841750841748
17 1 -0.0201058201058201
18 1 -0.02483164983164982


# name: spost_x
# type: sparse matrix
# nnz: 9
# rows: 9
# columns: 1
1 1 -0.06481481481481477
2 1 -0.1203703703703703
3 1 -0.06481481481481478
4 1 -0.06481481481481478
5 1 -0.1203703703703703
6 1 -0.0648148148148148
7 1 -0.02010582010582009
8 1 -0.03280423280423279
9 1 -0.0201058201058201


# name: spost_y
# type: sparse matrix
# nnz: 9
# rows: 9
# columns: 1
1 1 -0.02483164983164981
2 1 -0.04250841750841749
3 1 -0.02483164983164982
4 1 -0.04250841750841748
5 1 -0.0753367003367003
6 1 -0.0425084175084175
7 1 -0.02483164983164981
8 1 -0.04250841750841748
9 1 -0.02483164983164982


# name: x
# type: matrix
# rows: 4
# columns: 1
 0.6666666666666666
 1
 1
 0.6666666666666666


# name: y
# type: matrix
# rows: 4
# columns: 1
 0.6666666666666666
 0.6666666666666666
 1
 1


# name: young
# type: scalar
1


