                   0                   0
   1.500000000000000   1.375000000000000
   3.000000000000000   2.750000000000001
   4.500000000000000   4.125000000000002
   6.000000000000000   5.500000000000002
   7.500000000000000   6.875000000000002
   9.000000000000000   8.250000000000004
  10.500000000000000   9.625000000000004
  12.000000000000000  11.000000000000004
  13.500000000000000  12.375000000000004
  15.000000000000000  13.750000000000004
  16.500000000000000  15.125000000000005
  18.000000000000000  16.500000000000007
  19.500000000000000  17.875000000000007
  21.000000000000000  19.250000000000007
  22.500000000000000  20.625000000000007
  24.000000000000000  22.000000000000007
  25.500000000000000  23.375000000000007
  27.000000000000000  24.750000000000007
  28.500000000000000  26.125000000000007
  30.000000000000000  27.500000000000007
  31.500000000000000  28.875000000000011
  33.000000000000000  30.250000000000011
  34.500000000000000  31.625000000000011
  36.000000000000000  33.000000000000014
  37.500000000000000  34.375000000000014
  39.000000000000000  35.750000000000014
  40.500000000000000  37.125000000000014
  42.000000000000000  38.500000000000014
  43.500000000000000  39.875000000000014
  45.000000000000000  41.250000000000014
  46.500000000000000  42.625000000000014
  48.000000000000000  44.000000000000014
                   0   1.375000000000000
   1.422940767457884   2.645706018124560
   3.205859355008404   4.219461449913136
   4.280667487732839   5.349663668673886
   6.030507007659110   6.807091440185347
   7.340526940569453   7.953305176981847
   9.106868178022642   9.725148256229099
  10.367116052282352  10.557490872282116
  12.275409755198202  12.451684106999259
  13.488045749732260  13.152500240207587
  15.269081290774521  15.085815498199070
  16.496652914279728  15.838337912443636
  18.118624086628103  17.695336230332533
  19.342053685575117  18.688569385831009
  21.298322405798245  20.562990124051691
  22.351029553444469  21.259347394006976
  24.122314617991741  22.956073736401628
  25.403214970536524  24.163806446448863
  27.145672288089024  25.818313157046759
  28.276198566709407  26.840539315867403
  30.298869650674860  28.430528365526424
  31.262828688543266  29.327947960209265
  33.186379071435383  31.370943192832485
  34.481892907635917  32.157299711417437
  36.000947635441278  33.777658090028410
  37.369393817210877  34.976483762068312
  39.171829112252922  36.534256679541471
  40.272224658079992  37.534986257629157
  42.076981088973398  39.134145026708886
  43.498914371007039  40.383840166462541
  45.158452802751924  42.043574062616116
  46.460353579088562  43.100742647171046
  48.000000000000000  44.500000000000000
                   0   2.750000000000000
   1.552363471916336   4.096847302145108
   3.090842962877770   5.481335213212713
   4.657647595909514   6.784388822926101
   6.174467668936797   8.097711330825057
   7.526277790668743   9.673459153681488
   9.159497027079984  10.820538967910981
  10.532213797834471  12.191357143667982
  12.032972021067557  13.398390499780453
  13.541596236503942  14.753242179800981
  15.104982454998796  16.296231496543118
  16.771430088910549  17.567015375183118
  18.022913948797683  18.750535806564564
  19.622795634884106  20.068964664526931
  21.303007956437536  21.323962675969177
  22.533930121494922  22.857002163754721
  24.014058847987002  24.238860651132828
  25.752369490043996  25.560418188846050
  27.241815370686886  26.747377979147977
  28.813196504052456  28.050770016009924
  30.157424778848906  29.253081590349240
  31.562351294008156  30.665472317718606
  33.226658754956894  32.176172763921166
  34.606892389529222  33.201877190015523
  36.110489721189694  34.472789526540133
  37.702436239515976  35.903701032464369
  39.284832548364001  37.242869599538814
  40.786320216242970  38.485147832541585
  42.256483077212351  40.051017416429836
  43.637619905255107  41.267264631862759
  45.029580480109644  42.456578396172574
  46.691738683591588  43.881809669654295
  48.000000000000000  45.000000000000014
                   0   4.125000000000000
   1.347657660964866   5.203769206995215
   3.111033899690674   6.923839587599767
   4.478409877952678   7.989853486455527
   6.200417006396491   9.410566034750461
   7.481530375070786  10.260724819145681
   9.015531585677127  11.907322591307999
  10.332719135810347  13.015801035107611
  12.008109258549776  14.486998943809247
  13.428434143294508  15.714658670590548
  15.191008731713762  17.231823907735247
  16.466389746020486  18.184949591635533
  18.277501078738943  19.852979055043935
  19.273848404525015  20.564035577488877
  21.182998314390172  22.416762706099913
  22.333876969582022  23.289653710961147
  24.239785752454075  25.040850351466563
  25.272519276832927  25.939598121053393
  27.204165672669511  27.465930589068915
  28.222449233873657  28.595071499312027
  30.113169573422098  30.100697328219589
  31.192076479194931  31.203480543638140
  33.031203149353836  32.837232349303605
  34.469325513482680  33.786459894053891
  36.194257590315296  35.430064108041741
  37.214574514860956  36.216420239256955
  39.276836891139965  38.003614438170572
  40.247679051650380  38.827379217814084
  42.001431358766624  40.405101493785160
  43.358633156284263  41.404505608669005
  45.124235320837400  43.165238211820508
  46.310876068545085  43.909209539715860
  48.000000000000000  45.500000000000000
                   0   5.500000000000000
   1.529105785889014   6.935157025918787
   3.085038874721399   8.368917163748614
   4.734020903813680   9.611181796226051
   6.118274573866077  10.830944901397949
   7.752611986207159  11.963018363801861
   9.033225892467234  13.285284889969999
  10.599494831514152  14.671615479282588
  12.055179717412310  15.702241437758815
  13.659129276975200  16.921988964997286
  15.072960478683344  18.393530823015222
  16.533939854130288  19.649950357454305
  18.273771566786834  20.872458812262668
  19.597038105430276  22.241363827104699
  21.296963758370968  23.463748926955553
  22.651662361828471  24.651033007360908
  24.058472802929302  25.918949755556838
  25.653667344562546  27.344662855266833
  27.226249223433477  28.518754418936076
  28.528428317441794  29.589743344932980
  30.182726757041468  30.989877207836525
  31.673552061335929  32.092752772399002
  33.184699941587681  33.586140751173922
  34.653949023919900  34.671320517272989
  36.241401241512968  36.181582534040651
  37.593387582175609  37.336977308471148
  39.076392635248233  38.480865014370927
  40.759938349959945  39.697719804580245
  42.063036194879466  41.315719696496984
  43.685306919093748  42.429618159493756
  45.306458596942583  43.507633558483235
  46.783757793673544  45.081144445036365
  48.000000000000000  46.000000000000000
                   0   6.875000000000000
   1.464327204155678   8.055343014551946
   3.143583442562039   9.415264817379672
   4.470862500134142  10.459008796164204
   6.107300021450348  11.860644502621058
   7.310064423515762  12.866585250105647
   9.281702504483414  14.383007574151016
  10.231961094790663  15.296536884162268
  12.220289860327055  16.922230103438970
  13.357569501053671  17.979759622179905
  15.267813371649627  19.425097343670220
  16.295819118987716  20.221403001071639
  18.087890244561319  21.959049242675999
  19.385312067160513  22.670678522365822
  21.022877397018934  24.588711120185092
  22.257490820052503  25.446407360630555
  24.278885778047115  27.017823224164601
  25.280387155364309  27.586814820767316
  27.147045646394133  29.306632480324211
  28.473709825469463  30.019067106527622
  30.276136463031076  31.640652045801254
  31.283643770132713  32.626461756820746
  33.131302709049834  34.301061164548187
  34.375968984204313  35.180764722004575
  36.008563148573487  36.758296530394759
  37.466088047676678  37.815333285641891
  39.178508362918983  39.307315815529549
  40.262518204066531  40.208888973617555
  42.233738508531324  41.823919031727179
  43.337675876310705  42.438093065485070
  45.251414582151156  44.215966163334549
  46.254096645013490  45.002006149493752
  48.000000000000000  46.500000000000007
                   0   8.250000000000000
   1.663018701749142   9.502452226700711
   3.193182945569879  10.875869798298481
   4.530037815306173  12.235049026489065
   6.223991104991256  13.116566537255588
   7.577242376781298  14.455751448499184
   9.179088219019771  15.856650454515414
  10.621085909737353  16.991949580743469
  12.287666593181658  18.100673197321356
  13.690614583109042  19.487610396823641
  15.264116269500473  20.413256595739060
  16.561293696609859  21.805481526832626
  18.238470519268255  22.874991571942321
  19.614354255534817  24.122070982249852
  21.141987845214103  25.268321957631620
  22.733001863825134  26.451535729039144
  24.279300207993259  27.656458680458254
  25.746034908745507  29.161727399342841
  27.142382330617487  30.279624910492750
  28.612248846211909  31.550126351866002
  30.187124081638014  32.704582497667460
  31.768281571340061  33.856138449756180
  33.281469183701631  35.081431791055969
  34.698966179444653  36.319130753504886
  36.230931480603033  37.524333143592784
  37.751423529843407  38.696537362307296
  39.292711199225003  39.767985511900463
  40.821087007152443  41.227985035878675
  42.179717090225878  42.211784427490677
  43.769905233293422  43.649406077200105
  45.134638609544844  44.684503565394479
  46.601624322311586  46.015746043196401
  48.000000000000000  47.000000000000000
                   0   9.625000000000000
   1.385106955633412  10.497151177481701
   3.046857494743521  12.176679343533824
   4.393737565244103  13.087804277877979
   6.202006200052351  14.652018194122618
   7.392811140937021  15.424749380746707
   9.137407185973368  16.830602834998107
  10.453906115592574  17.761797351858288
  12.084579569678544  19.185295485739914
  13.307244102992124  19.915684404313602
  15.056465311848697  21.805728662894850
  16.326218197726856  22.570969611290348
  18.216688751099561  24.076423278237780
  19.397269998630499  24.812517783830220
  21.007704180933551  26.203836524097358
  22.250461145227280  27.337568387801625
  24.216096327772416  28.860175001707354
  25.250825981239291  29.473165902966539
  27.298906704635510  31.044501795734167
  28.184656648602150  31.899385851306025
  30.208282059971605  33.662034309715004
  31.428524517596735  34.100891083290826
  33.054401085495989  36.028395351146834
  34.194304438569340  36.779829054720167
  36.017379140422953  38.135295321820749
  37.324996888132645  38.913853725889780
  39.193799322103331  40.521277025269853
  40.360708105725180  41.254249614855411
  42.201513980019215  42.871708229941454
  43.334205575218604  43.603177757077006
  45.056224496688614  45.452457247413015
  46.441490122390221  46.278470218241409
  48.000000000000000  47.499999999999986
                   0  11.000000000000000
   1.505219134358407  12.159966816084202
   3.214988191084071  13.639328504312800
   4.512421341798797  14.716994647067658
   6.260432353480909  15.707035799748603
   7.523349611072057  16.915543011140194
   9.209480908883153  18.163772198682505
  10.631649819491445  19.438023473627631
  12.000941411773152  20.443011189716874
  13.543338275990479  21.597765335263407
  15.172186276994671  22.806846192697069
  16.563229779182478  23.848499775077592
  18.100761310619632  25.110059797101904
  19.682987299105900  26.294717024008960
  21.051780650951564  27.437748247920958
  22.740199269537399  28.495851736778015
  24.124318168601526  29.766406317752018
  25.574822980203624  31.022007933288315
  27.042869163755853  32.009930431608431
  28.513119739859867  33.089479713142950
  30.102149226885054  34.491897413502492
  31.565972210181140  35.470775811562952
  33.141780520905236  36.755740796150633
  34.505583957637910  37.899744837643794
  36.173052859732330  38.767663516715380
  37.664695655356205  40.079480366893073
  39.157722076288955  41.319226805680010
  40.662440434300720  42.507583563354622
  42.303767701321398  43.686428278805046
  43.641045178839306  44.566460847546409
  45.301150979498892  45.835114717226446
  46.745068668795064  47.157522480018486
  48.000000000000000  48.000000000000000
                   0  12.375000000000000
   1.365960620027145  13.283974759527966
   3.072219329656368  14.910712009927609
   4.380882052918208  15.569266566321819
   6.128025237956152  17.049606037792355
   7.451106227805620  17.913924755733770
   9.250763213116297  19.478519530883936
  10.357203878799353  20.047620542438992
  12.212648091929006  21.459453589682955
  13.325083940626303  22.460877258719634
  15.019193247986006  23.688459306289872
  16.212818679987318  24.593956678282392
  18.046189543144632  26.169718253520987
  19.319305522362136  26.930852701940857
  21.209111512980094  28.332392471329165
  22.431401324373510  29.215838190010849
  24.121215951332847  30.450421260838148
  25.390846532644950  31.353213823506042
  27.176349486161573  32.721146406981241
  28.315719080061104  33.640023313605745
  30.210138144784249  35.257726111436064
  31.439536606212410  35.709095934098059
  33.170599268857742  37.565973416785063
  34.293746239040729  38.280211832440393
  36.016698240857600  39.474602903328417
  37.437063274733042  40.392282208463442
  39.047400870636700  41.755045378272719
  40.321658877598956  42.473029930677200
  42.052415075135428  44.045446792634898
  43.447261688549027  45.082651869549530
  45.231742172297864  46.416439615890710
  46.335273991005209  47.134670540400322
  48.000000000000000  48.500000000000000
                   0  13.750000000000000
   1.647178573780366  14.896961414283300
   3.064501168352482  15.976451149941408
   4.535883274258297  17.080224225826608
   6.049356434276996  18.446133356544301
   7.749354754757850  19.453904566145603
   9.241323411923545  20.446180917321222
  10.624942139010582  21.601061567759892
  12.206236392694501  22.922667898451699
  13.565365875155164  23.951866727227493
  15.157526818264177  25.056707599989821
  16.769154570364524  25.958298766041683
  18.289136501018771  26.979184594907156
  19.673802029161287  28.413043626337064
  21.051952807053908  29.335782769188956
  22.602155034570455  30.492502736661290
  24.259446950873830  31.526358477166831
  25.695610434643068  32.849958183919426
  27.261622304658029  33.893151171167943
  28.802446606386251  34.750680380860942
  30.212834385756409  36.066700705573645
  31.760766346619324  37.147319782292044
  33.105236135291371  37.997860789972250
  34.538393699113790  39.196312196894993
  36.268235512008779  40.538422089256962
  37.644213853966662  41.674201798161050
  39.010845783832927  42.725697964096270
  40.669893270491414  43.872732568129749
  42.282324164396620  44.656728331282167
  43.613865365053627  45.717969051653526
  45.143263237165321  46.969254748669080
  46.605497047105217  48.255974238893330
  48.000000000000000  49.000000000000000
                   0  15.125000000000000
   1.417573947134982  15.932791385929193
   3.147698079297010  17.586670408423416
   4.435491163922241  18.056978290290150
   6.109484616653070  19.442970889055204
   7.258153033404691  20.126542157016853
   9.033421770206301  21.763992295474917
  10.279626546383980  22.602529099885384
  12.010033640075811  23.887544396282774
  13.461064931003657  24.420467344685271
  15.284894926755291  26.225553067854300
  16.199407195083470  26.674821312219873
  18.216146302967481  28.158665203542260
  19.480157684923956  28.918780024263043
  21.168929398516454  30.372697314795673
  22.254286238553263  31.005714956071458
  24.297102291534443  32.556863592531307
  25.223328940573197  33.339173983694927
  27.256909965704818  34.840158148473201
  28.426772992704258  35.180774598593416
  30.214719924552110  36.891133823373934
  31.281794225968863  37.373738990546791
  33.168866574407744  39.051527486018706
  34.339142411106671  39.478742849622940
  36.039555275703385  41.238417208726666
  37.443895598160104  41.682428765199923
  39.147440018788579  43.291211671216644
  40.382987294598585  43.971948992661510
  42.234966554701401  45.576307907290797
  43.216831495423691  46.038983987456540
  45.312182502843740  47.599590978695495
  46.249008332364539  48.074179226898394
  48.000000000000000  49.500000000000000
                   0  16.500000000000000
   1.537760931748412  17.585101026579249
   3.184057584559151  18.754488037877408
   4.681774039236968  19.996362864990715
   6.079075313645087  20.806364991938359
   7.652693428429410  21.945250458015376
   9.182971559837425  23.009424275064006
  10.547009269540847  23.988253236765406
  12.109349750066464  24.905809231359974
  13.570892362065885  26.304171571689860
  15.275546624572527  27.273244844873627
  16.541294689457839  28.227831058042540
  18.016565645488708  29.323712143821652
  19.754515420330133  30.461686303985424
  21.045797125956899  31.274230581361302
  22.743709933521032  32.391880220805767
  24.172289934931346  33.590563994841546
  25.811128624822807  34.304309002045095
  27.110944349265331  35.551456501397318
  28.736808958952096  36.767780372924584
  30.220680346689196  37.543833945901603
  31.802634803672227  38.837828433992350
  33.145845496485336  39.816952381922363
  34.678326688393746  40.965684115161707
  36.124576106710641  41.969021087988992
  37.786304347697950  42.822577723273724
  39.233534815349451  44.075272694460836
  40.790612273913808  44.797461420810443
  42.010730616313289  46.036348548727695
  43.502993514505810  46.936972761459131
  45.006671013577709  48.216381334722762
  46.561621997856577  49.325984361492473
  48.000000000000000  50.000000000000000
                   0  17.875000000000000
   1.371628953168289  18.584624135093222
   3.094677801328837  20.028301139363659
   4.329927381438827  20.606135709376112
   6.232478117389674  22.296025266314775
   7.265670343963184  22.786842225062692
   9.139583002819483  24.017255821781394
  10.366713864237520  24.782826756628914
  12.032617323121345  26.163580877222298
  13.420780455758930  26.827138118709243
  15.131936691712093  28.230533256155137
  16.483434914912944  28.989482916036504
  18.075131704951854  30.383723345153115
  19.296070011389954  31.082745564159666
  21.040201508142570  32.178666294818335
  22.270237472190892  32.952142899800194
  24.261763510408549  34.228720517882429
  25.419230641778185  35.185990929740449
  27.207332811082523  36.334499442152527
  28.275442071824379  37.195364154413873
  30.166348340917310  38.283504668249954
  31.467766372008583  39.102327011825778
  33.226582898162384  40.539291611262698
  34.434540410394455  41.082663670067888
  36.223728036261612  42.466720643473217
  37.242054921186508  43.293708041057648
  39.077456157188536  44.615362509678761
  40.220925134643480  45.082068337468840
  42.189912134530168  46.422770469903320
  43.195650785999973  47.131084406763186
  45.128815622343822  48.803118425995450
  46.282226186429277  49.385479729881062
  48.000000000000000  50.499999999999986
                   0  19.250000000000000
   1.528074120658844  20.570542814253450
   3.072586889431841  21.358629805526235
   4.600043355212002  22.518914439286153
   6.043751410004536  23.482783419232810
   7.678699060754770  24.526545011016193
   9.108156265808637  25.246189900881969
  10.750682621692240  26.470174908683834
  12.170373426807144  27.473517173775296
  13.726101219169909  28.394170929388391
  15.242700684553798  29.431193507927546
  16.663505063628627  30.429695472473995
  18.293902719876570  31.399601264636928
  19.753540856065843  32.221760681883332
  21.233792355952591  33.226680800305381
  22.630140566598818  34.440225911407502
  24.125478232027024  35.142548014899674
  25.563292052016614  36.133874227709271
  27.201841010988034  37.207456070563090
  28.632963250777806  38.168552534888853
  30.280779640080116  39.226779398398911
  31.565266594905683  40.396407641414456
  33.007802023667907  41.093661552900578
  34.669247619816538  42.435057165129599
  36.192708674559377  43.297554876583852
  37.706367377609190  44.415337275908300
  39.070378866154321  45.393208526742072
  40.515692780361604  46.357025968069642
  42.010489312458077  47.193836996056469
  43.691614779587326  48.100562178897960
  45.256803616881704  49.098345829545302
  46.556321032018339  50.248572379240080
  48.000000000000000  51.000000000000000
                   0  20.625000000000000
   1.343157258536183  21.336537933635437
   3.047755194481206  22.905132111042327
   4.404950812497938  23.506089747917731
   6.060625359726172  24.833376677384731
   7.258614425969924  25.224741768178568
   9.160224648671386  26.414482607035790
  10.462998550297758  27.295972482608658
  12.244983594231329  28.493691582272827
  13.404577359271762  29.207219589975715
  15.089855752391692  30.439418734705303
  16.441209181124417  31.018090843100211
  18.202358681754465  32.469379476730325
  19.390508926553810  32.796070907989282
  21.075829779590933  34.423893111140153
  22.378053896196874  34.768794103517557
  24.116700856531963  36.338166988807217
  25.391182592522721  36.685391054227985
  27.237008815864460  38.161653891198718
  28.373124112312610  38.811461419424333
  30.140714379479572  40.070408167641119
  31.476864222877150  40.714666525406692
  33.193385347807379  41.970728908460437
  34.370099911386156  42.776891960011660
  36.152601645325277  43.895692081583014
  37.494781232813338  44.399794587331023
  39.067507121176732  45.978742523928005
  40.450374545715682  46.293947850151646
  42.161776388608892  47.990110311570135
  43.265908428765442  48.410467762373990
  45.195875563114086  49.707360502608978
  46.330076548057967  50.222362204515576
  48.000000000000000  51.499999999999993
                   0  22.000000000000000
   1.545612654705079  23.049976314215964
   3.077367085671804  24.212150262748210
   4.523329787535527  24.892162253926280
   6.080735759125407  25.885669533108068
   7.701874305987664  27.029998544419637
   9.014836054400204  27.655392260968114
  10.504225099715521  28.637378337720680
  12.007789416215491  29.681730990920634
  13.573014785603375  30.794471724078988
  15.216919284415280  31.564787356820435
  16.523856023132581  32.518548254635228
  18.204938574988635  33.486419094972490
  19.629861173340025  34.230636165492228
  21.254057826021391  35.222129409855540
  22.659118249699802  36.376003075576541
  24.159946676289248  37.118087909048590
  25.771347269712212  37.959904084304654
  27.230765314189128  39.226866354438187
  28.646947066833814  39.995926287686451
  30.048829882742147  41.126066139518763
  31.778808306090443  41.878652919702233
  33.129792517814025  42.674540915907464
  34.795621964759583  43.564685416978698
  36.059644289993649  44.626949906000348
  37.516085450828747  45.494145981271416
  39.234118584230060  46.564089282036193
  40.608663669206585  47.405366660158592
  42.145105399858785  48.322766538241751
  43.604482105834997  49.291113744050918
  45.267766830227373  50.398429991389797
  46.607704783462765  51.290408627790590
  48.000000000000000  51.999999999999993
                   0  23.375000000000000
   1.452026966038376  24.183382259397607
   3.057755836775060  25.456702069322628
   4.370043362695786  26.075801589315216
   6.014892068009211  27.115743341433454
   7.377797939214413  27.815654840184536
   9.193933671407303  29.204147413114509
  10.274263098949847  29.499192702556691
  12.223283398577056  30.946363437009175
  13.324190653902409  31.265849682819155
  15.118935835839475  32.712078215454433
  16.424395510781014  33.273718377600261
  18.005948491299442  34.432207471212905
  19.456110838746941  35.046565650637547
  21.047621264543544  36.440640033572755
  22.269000147350479  36.988744424082221
  24.257453517944704  38.026216257353809
  25.466333279377992  38.588614908900453
  27.301445086664820  40.076346245691582
  28.302636618589233  40.539535606054315
  30.088053333879525  41.748153768444183
  31.388542326772619  42.144540954500556
  33.001962302215169  43.671294803378260
  34.392007618464369  44.189055748278427
  36.207392223883240  45.579938561410906
  37.213758403494985  45.737752266227673
  39.023394829290361  47.089925798346250
  40.184495925983697  47.913794250554197
  42.220832671633147  49.224165573254218
  43.454303613804697  49.422118274985507
  45.006374826222640  50.814343570957384
  46.423046992561702  51.202845632121466
  48.000000000000000  52.500000000000000
                   0  24.750000000000000
   1.641099650352889  25.940036135565329
   3.200061792596219  26.817612501037178
   4.709127692911687  27.522865574962161
   6.198065486907112  28.539001868383341
   7.580328802945009  29.295046436110884
   9.259610588335841  30.059407181942635
  10.703104337320402  31.010878040383510
  12.244192401874944  31.897435892752664
  13.529892690888484  32.936599781696209
  15.031459025045789  33.889561647638018
  16.775893786447565  34.582820273089936
  18.086642820356683  35.346396668302496
  19.653484086992101  36.612549208281933
  21.229581567131941  37.230774887527041
  22.687627343859734  38.297758962785615
  24.034990784214884  39.101586169699289
  25.774005754542578  40.027729557614073
  27.076727447659461  40.774799310760223
  28.672722599525553  41.549903886267039
  30.130301079269380  42.499317089995394
  31.655582495226049  43.605045164717382
  33.120473259953130  44.375006501927849
  34.530218770207412  45.411337294364969
  36.066441790079146  46.087444228160741
  37.711628290121375  47.118047920933478
  39.055553144718452  47.906316562872334
  40.819930107526112  48.863930102627137
  42.025929706044487  49.485769510705794
  43.658261236961593  50.527122979224792
  45.157031795433980  51.299607437633675
  46.616461996345897  52.463608259051043
  48.000000000000000  53.000000000000000
                   0  26.125000000000000
   1.375941303333967  26.818883700957024
   3.201634401883390  27.872535500408219
   4.454668434745463  28.323733948551791
   6.026893081829435  29.697722743095717
   7.419659760548615  30.373909106781422
   9.055602287267739  31.420358020948228
  10.414563086916351  31.839713444055171
  12.071026126795651  33.342836306445342
  13.408361339307865  33.763781131046763
  15.168335884643628  34.988292397084244
  16.364372354737046  35.146192621337271
  18.134334368665403  36.509604505712318
  19.423699180192429  36.870392754530400
  21.069340742625364  38.256331253876333
  22.429836077082495  38.851342238065484
  24.131275758118459  40.203199264464494
  25.213194132095865  40.452333967745147
  27.188316573403068  41.554456539313847
  28.317398588159659  42.026746097756401
  30.147082719764871  43.390641559852270
  31.466762372564148  43.833914943498463
  33.316194204605495  45.211475598356969
  34.363125213144741  45.543663182502442
  36.188398569153613  46.948905951590874
  37.294592856355841  47.313811676737650
  39.301099732974507  48.605116687056750
  40.294631652370811  48.946394593940347
  42.277087063159854  50.227439278406401
  43.270538182013823  50.727644648816515
  45.117254657675474  51.960107472198288
  46.277963268046712  52.555241737923964
  48.000000000000000  53.500000000000000
                   0  27.500000000000000
   1.663167267495177  28.707308582567784
   3.064336400240033  29.287884512641526
   4.749111166259558  30.291481377526914
   6.211979079458378  31.058827193875022
   7.725402995993417  31.815290800418783
   9.237318157890408  32.518155230790043
  10.649703203949882  33.576297985121755
  12.073524845314497  34.332719322336885
  13.614662904880973  35.266407078695316
  15.203291142827920  36.165500539090360
  16.786250961525404  36.834785037657319
  18.024672672932333  37.599447622979476
  19.555975840908072  38.655441271388121
  21.161897927131005  39.440517484013611
  22.702578600447101  40.104586337943282
  24.029892039846057  41.129417759523889
  25.695220258507142  41.639307667721006
  27.125800125517749  42.752490465899449
  28.670687741401089  43.447758217450676
  30.140461117411007  44.134642249607118
  31.579300708393458  45.002603877523505
  33.168829118945887  45.938700876902345
  34.632615981774698  46.902814535637482
  36.097645819544844  47.630442679840009
  37.592558316214337  48.303501128033872
  39.114972356256459  49.348262742339983
  40.673226392977618  50.091544295972135
  42.074390445502182  50.727622976897536
  43.707718779899302  51.901477821726672
  45.032813683522924  52.417726083076417
  46.503030688680248  53.502053991827438
  48.000000000000000  54.000000000000007
                   0  28.875000000000000
   1.419776271913356  29.493293373982006
   3.201899894448931  30.639149471417191
   4.363965498510238  31.004720079427887
   6.021080068155249  32.276928520950470
   7.364750472535642  32.544694032726042
   9.175544220171174  33.725562851314628
  10.322995392795560  34.416287385589399
  12.118229785718324  35.489467020899866
  13.237436692385556  35.824139335299968
  15.238674481764365  36.932151282494935
  16.339591224776129  37.331288378731784
  18.033564434451336  38.733029525520934
  19.474976234582318  39.123949380459379
  21.221708324943243  40.125319734624476
  22.246891620290366  40.636495741717034
  24.281747112804116  41.931540664558888
  25.369475420751773  42.234049535804601
  27.154505973198226  43.325883492589725
  28.298181025792388  43.716519637262294
  30.151230614498299  45.127521127029986
  31.311800964046061  45.602853516762366
  33.213123586578035  46.553747871882663
  34.252669688947407  47.209166633451865
  36.054119544615780  48.379296632351910
  37.417888072334812  48.830473714212026
  39.200866702674290  49.794020922290898
  40.415471323160439  50.163792232841260
  42.127905553549198  51.338063470460462
  43.437535836406425  51.954626560619410
  45.282107831414194  53.134767998079766
  46.416650927750155  53.557954279668287
  48.000000000000000  54.499999999999993
                   0  30.250000000000000
   1.647923345682742  31.374887816540163
   3.099544923055033  31.901861848352144
   4.638453874612350  32.640192129549533
   6.229253934460385  33.434436920715868
   7.546695907846567  34.127639696103678
   9.092123108105257  35.107874935592811
  10.740487515514372  35.978932999407220
  12.007232064642601  36.583013486027134
  13.647560962370390  37.393562496045718
  15.012640545577231  38.226250660119248
  16.676621170111016  38.874997534214408
  18.134051090652534  39.584854430616410
  19.592770714087855  40.603503204263774
  21.010983009316899  41.183932807000978
  22.811333909602244  42.027096897953555
  24.047932509329605  42.973173606699653
  25.509879008466161  43.444038779343813
  27.079217381968835  44.470515858181130
  28.784464714641143  45.033168827037834
  30.213745756447320  46.040815841035034
  31.801932210528982  46.836190839728260
  33.125539110939073  47.634375822108190
  34.639563910077364  48.103041428158782
  36.099142678186062  49.080694212753656
  37.799376597447342  49.959073054025303
  39.192298280880856  50.733183568817822
  40.629863012149237  51.148980913448447
  42.094564542009621  51.918838221847516
  43.778565289686640  52.850202570542400
  45.029938238892612  53.507455544028737
  46.578136532979912  54.314511691243112
  48.000000000000000  55.000000000000000
                   0  31.625000000000000
   1.355376658700978  32.072309492255201
   3.076603220359833  33.267708499729402
   4.351283699601336  33.653847317454733
   6.088948193185614  34.944033606514743
   7.426209996207006  34.989613196506859
   9.111381178557098  36.369256362330574
  10.419788810542663  36.836695099381593
  12.278700193549822  37.803181703408420
  13.298648010774924  38.101468538027454
  15.227537352505557  39.471113888270374
  16.277656495156332  39.495408065921524
  18.305182411891519  40.876424448031820
  19.454796825644653  41.196011384958844
  21.008955677089229  42.343291749735933
  22.200388461888735  42.529781961959522
  24.231138574641541  43.631168175225206
  25.388111809279948  44.082540388155820
  27.145245875717549  45.382744873173380
  28.241776064827445  45.673277584326428
  30.146566506821692  46.812205735585501
  31.310609758450603  47.240048697301539
  33.006214774484519  48.088340544510061
  34.428675711668497  48.608207413147952
  36.171050097208067  49.921527212084477
  37.270081029990273  49.891053141252534
  39.017249169671388  51.274515765148792
  40.191305817851941  51.663095937159717
  42.305556423590325  52.871463280718693
  43.437279953792356  52.972193827413982
  45.056406846971782  54.049295846734495
  46.398567784285468  54.616275386704203
  48.000000000000000  55.500000000000000
                   0  33.000000000000000
   1.566493711735144  33.829946709117884
   3.069758202607483  34.718937985806683
   4.736161682164641  35.190661975540380
   6.074542506650075  36.108779927699935
   7.730120718667502  36.900584379178184
   9.159211065671906  37.326736322093069
  10.695233434150802  38.364546452435576
  12.019396910090759  38.891678347390290
  13.577415374607385  39.638693833913131
  15.092748759996077  40.567341997010445
  16.539701735215516  40.991722651784833
  18.274890394347896  41.869461262928986
  19.623240735772281  42.483808377090440
  21.201156073015536  43.350922472177416
  22.728656592098520  44.158329755130246
  24.014417083252273  44.667046387917516
  25.502838829457584  45.495867307782213
  27.246597589709694  46.159955497880837
  28.507376824680183  46.659229664462323
  30.313958359321582  47.454453433242662
  31.761971254622910  48.236004152200238
  33.147066168005153  48.855879271288387
  34.749569695102529  49.710033095715787
  36.095072784240003  50.391338517584018
  37.654626935499188  51.138841336489598
  39.224313411885689  51.953823189319493
  40.502208533080562  52.437418415447901
  42.148247647947720  53.431862838878935
  43.763179501141181  54.092978316126050
  45.117701970818040  54.912883662808582
  46.581028454391962  55.307358163394845
  48.000000000000000  56.000000000000000
                   0  34.375000000000000
   1.378808136820226  34.765617897404070
   3.199627934748986  36.058724302307596
   4.263279137779675  36.238914721377334
   6.255941541179815  37.524749508296964
   7.354972168442785  37.499956112371166
   9.256579001916894  38.889361503515524
  10.366521774292035  38.916440344198314
  12.278161733968302  40.225007566191273
  13.220882413353673  40.421867140821774
  15.252692747221326  41.677667561262361
  16.387054618352657  41.913268721242815
  18.253281664868435  42.902953772769330
  19.202358305387246  43.170700133370367
  21.078873753939909  44.321785246089014
  22.214221318107942  44.503019756868696
  24.101176075034367  45.630763943401519
  25.371727021825905  46.095826222800852
  27.186934586674511  47.166802001832387
  28.324785843888474  47.393648519632158
  30.284764544660526  48.516354681835573
  31.253150582359645  48.658284640043362
  33.177664674018864  49.704171939639231
  34.325053932611866  49.885993604841083
  36.154692150550979  51.238993544431388
  37.346148451539783  51.365491655246082
  39.067863989959356  52.449661597374799
  40.468551724423122  52.763147993087145
  42.275412479767930  54.045979252980551
  43.260639622855344  54.384496866402465
  45.168024164279075  55.451644953226072
  46.227583253435547  55.659343870513467
  48.000000000000000  56.500000000000000
                   0  35.750000000000000
   1.545349226910328  36.463286401489761
   3.153633897623671  37.296270518901800
   4.502118557985390  37.905722867000250
   6.117098188109725  38.714661672137751
   7.730554858642336  39.302213545907371
   9.040592582363340  39.967799240538135
  10.711806233120447  40.567018537436020
  12.062456905477372  41.166964311157670
  13.797955126563799  41.915852567787340
  15.250833373292263  42.628198640381413
  16.749896069215243  43.431100684905033
  18.200116367197129  43.966052555869126
  19.700126745403715  44.407299375067474
  21.291883400940065  45.401139158548581
  22.717143488417076  45.833322035570305
  24.107779013531093  46.405061317020404
  25.663652370187712  47.279183577796616
  27.229629461189830  47.703154167399227
  28.553759318452194  48.549994047310747
  30.114873698816439  49.406987387010261
  31.796606977926277  50.073486546003224
  33.065852829695380  50.422423901038336
  34.682645736690233  51.257558131197214
  36.223555439958623  51.808273728002398
  37.626234404191777  52.484628926206682
  39.041405173737921  53.049969352352988
  40.676446076401945  53.805227760342881
  42.319504967006431  54.629682106401773
  43.684343781256310  55.291281291213139
  45.315019105705915  55.840657954816407
  46.794827363571144  56.690680452556009
  48.000000000000000  57.000000000000000
                   0  37.125000000000000
   1.360795238754015  37.742853576325658
   3.079840126536265  38.514809392274572
   4.342718595442196  38.981557008949288
   6.099745547007775  40.012323606532377
   7.430479557794031  40.296975048778002
   9.285556848968680  41.183663106677784
  10.428776422771762  41.409396584356472
  12.217805501376539  42.438629540931935
  13.368498183139932  42.617586346957403
  15.054848125569155  43.811034091934197
  16.249732146444334  43.936784019292617
  18.232323199177461  44.925105658183746
  19.275385905791026  45.341592291439738
  21.158378353475975  46.302631585462038
  22.452320108467337  46.651040342673802
  24.105761531872677  47.488508912146536
  25.261481038020907  47.897689575482190
  27.284687948137432  48.672932723702552
  28.380125599819955  49.055713381012460
  30.308789269869550  49.929288600349572
  31.219275655702258  50.278336568340052
  33.102504666229997  51.488323823321146
  34.326825422658182  51.586625128586263
  36.258551976935195  52.548844816348719
  37.188781096214875  52.823397515872529
  39.247102620644370  53.948546846849872
  40.434043001457745  53.986425246746343
  42.278541113016345  54.969543083646769
  43.302093358520310  55.481769525438146
  45.240873199071999  56.419526127161205
  46.244128746772851  56.655819120221750
  48.000000000000000  57.500000000000000
                   0  38.500000000000000
   1.599585254246187  39.196036775508404
   3.080893168159323  39.835850231232655
   4.712904229743551  40.711803296739731
   6.166299094434750  41.289176793791157
   7.772472974524347  41.801925769405173
   9.228233859473601  42.315892126358882
  10.640689625792017  42.790822894435045
  12.237904749872190  43.513482855093756
  13.754781735055367  44.375676655797776
  15.146764834685815  44.734374203961359
  16.516613387095525  45.563892385353604
  18.216913458881265  45.985433171245212
  19.799652793544158  46.707651971450161
  21.204338806833956  47.234524841942338
  22.774080080466671  47.664390675642132
  24.147914555920092  48.372855027863274
  25.561292263322141  48.919050541129863
  27.284659075251149  49.496669396327377
  28.803489443702148  50.354715211510033
  30.003812591710595  50.689428969283114
  31.771501808417646  51.481595742147995
  33.266779862250900  51.993475898062279
  34.757459604630469  52.613916235332965
  36.319447235682503  53.495904557916795
  37.677550113253879  54.095360214819770
  39.203984423973978  54.652328101465407
  40.682320128398501  55.028988417612929
  42.291666129682639  55.766208419666320
  43.821892366888790  56.321186673338651
  45.066487734876581  57.070128444617659
  46.601213602837404  57.437163226282692
  48.000000000000000  58.000000000000000
                   0  39.875000000000000
   1.351899067838072  40.183714141497205
   3.208866698116124  41.203595952207593
   4.296057287450230  41.303596570229708
   6.096107807205254  42.563678200036172
   7.419912268748679  42.720041301571264
   9.130246431474397  43.463028148335042
  10.499439401338583  43.706298655161042
  12.195919366123267  44.791976825881356
  13.295857448273244  44.777355345697828
  15.011307414676036  45.964197728085232
  16.325485732964594  46.004687049649078
  18.275558905615547  46.964810325153181
  19.478780716457457  47.317485971381387
  21.245522516033105  48.220386460372325
  22.363427268469831  48.538903562403327
  24.083000055425192  49.457853564009056
  25.242910446091852  49.490584999183511
  27.182064913510146  50.744643734274362
  28.353955464535250  50.738482041575111
  30.086971329328922  51.774738649855273
  31.370481834233441  51.978996651140704
  33.193037428757187  52.992698508336517
  34.189853443594174  52.955709217630236
  36.191994147100026  54.021456510709825
  37.450810009563632  54.342182061456128
  39.224803395969758  55.386280845029646
  40.295742214857107  55.237029288313572
  42.069608969925810  56.442488489836549
  43.398481111525292  56.743854700068738
  45.264596463888637  57.507265783960563
  46.471355156352871  57.547656507978608
  48.000000000000000  58.500000000000000
                   0  41.250000000000000
   1.565129469333667  42.036780619895310
   3.053296875856895  42.617421929218679
   4.591633120906981  43.104106057139660
   6.107116150495222  43.600586701733079
   7.574329269003146  44.326752964431044
   9.068680548270523  44.957910181512510
  10.769369117904901  45.241179423148793
  12.066156735071967  45.787139709122144
  13.574098026089271  46.336882162801786
  15.129773018425693  47.123375317609664
  16.688584684861603  47.428214342934190
  18.248640445320568  48.295991020742946
  19.545995995942988  48.798288478787349
  21.074231717913001  49.180535008860893
  22.600749969483456  49.742006712350310
  24.102721164434413  50.164154229036534
  25.711295644391427  50.699217226117298
  27.063472384885280  51.431891365606795
  28.587216117359777  51.955125449439620
  30.189521549836542  52.363201832414923
  31.782125273371623  53.238194510195356
  33.027121073927887  53.523362845358378
  34.504280083034416  54.241407535471353
  36.226515837920225  54.863013970495075
  37.568580542852430  55.499803839132454
  39.155482880037084  55.696615735766215
  40.557361885002088  56.360546075558283
  42.283373580018171  56.798172901858479
  43.614520167512381  57.589777494823807
  45.267059260476287  57.908304804198082
  46.755370777700236  58.465580407606566
  48.000000000000000  59.000000000000000
                   0  42.625000000000000
   1.450595692045084  43.044801024711610
   3.202989735882878  43.918985301906275
   4.374445637172030  43.915864387332370
   6.029899511894769  45.084048881385755
   7.352902590173753  45.259546490329548
   9.046533689718101  45.892798216892338
  10.488662966144233  46.046651799265440
  12.008354507884206  47.041503472213293
  13.355791519632158  47.260908808532207
  15.178936882571815  48.012151926307460
  16.218905291424552  48.423381840936337
  18.173701654852799  49.099030176294953
  19.385055003679632  49.472080421069080
  21.213811311061740  50.227323207233667
  22.260801315394517  50.221889661261535
  24.077352426841159  51.141605702840508
  25.384482148351626  51.304927313756203
  27.039588890884268  52.287422682746133
  28.494821395872034  52.616404929923334
  30.225494000798065  53.489900045603811
  31.210391984025325  53.337917368673899
  33.200721679728552  54.278653442679648
  34.480150837952877  54.445855605628211
  36.237487843647266  55.529255893874073
  37.266315167731761  55.728148148694444
  39.255183518120504  56.722150742102635
  40.364953662715727  56.765896152576900
  42.154522026211737  57.655777568710249
  43.225345579695748  57.543251506755475
  45.041526536562685  58.721478792040337
  46.474139494839960  58.931598336539608
  48.000000000000000  59.500000000000000
                   0  44.000000000000000
   1.500000000000000  44.500000000000000
   3.000000000000000  45.000000000000000
   4.500000000000000  45.500000000000000
   6.000000000000000  46.000000000000000
   7.500000000000000  46.500000000000000
   9.000000000000000  47.000000000000000
  10.500000000000000  47.500000000000000
  12.000000000000000  48.000000000000000
  13.500000000000000  48.500000000000000
  15.000000000000000  49.000000000000000
  16.500000000000000  49.500000000000000
  18.000000000000000  50.000000000000000
  19.500000000000000  50.500000000000000
  21.000000000000000  51.000000000000000
  22.500000000000000  51.500000000000000
  24.000000000000000  52.000000000000000
  25.500000000000000  52.500000000000000
  27.000000000000000  53.000000000000000
  28.500000000000000  53.500000000000000
  30.000000000000000  54.000000000000000
  31.500000000000000  54.500000000000000
  33.000000000000000  55.000000000000000
  34.500000000000000  55.500000000000000
  36.000000000000000  56.000000000000000
  37.500000000000000  56.500000000000000
  39.000000000000000  57.000000000000000
  40.500000000000000  57.500000000000000
  42.000000000000000  58.000000000000000
  43.500000000000000  58.500000000000000
  45.000000000000000  59.000000000000000
  46.500000000000000  59.500000000000000
  48.000000000000000  60.000000000000000