# Created by Octave 3.8.1, Fri Aug 01 09:50:32 2014 CEST <mpingaro@mpingaro-Mac>
# name: A
# type: sparse matrix
# nnz: 576
# rows: 84
# columns: 84
1 1 1.333333333333334
15 1 -0.6666666666666666
49 1 2.780978572425319e-17
51 1 -5.41071094178891e-16
2 2 1.333333333333334
16 2 -0.6666666666666666
50 2 2.780978572425319e-17
52 2 -5.41071094178891e-16
3 3 1.333333333333334
9 3 -3.414337965374799e-17
11 3 8.59247612720111e-17
17 3 -0.6666666666666667
53 3 -2.778268066994105e-17
55 3 4.925530469601647e-16
4 4 1.333333333333334
10 4 -3.414337965374799e-17
12 4 8.59247612720111e-17
18 4 -0.6666666666666667
54 4 -2.778268066994105e-17
56 4 4.925530469601647e-16
5 5 1.333333333333333
11 5 -7.030705986544394e-18
13 5 2.019640991683711e-17
19 5 -0.6666666666666666
57 5 1.111578277340763e-16
59 5 -5.200917821412965e-16
6 6 1.333333333333333
12 6 -7.030705986544394e-18
14 6 2.019640991683711e-17
20 6 -0.6666666666666666
58 6 1.111578277340763e-16
60 6 -5.200917821412965e-16
7 7 1.333333333333334
9 7 -0.6666666666666665
49 7 1.740144486839235e-17
51 7 6.391371806802049e-16
8 8 1.333333333333334
10 8 -0.6666666666666665
50 8 1.740144486839235e-17
52 8 6.391371806802049e-16
3 9 -3.414337965374799e-17
7 9 -0.6666666666666665
9 9 2.666666666666668
11 9 -0.6666666666666665
17 9 3.414337965374798e-17
49 9 -6.938893903907228e-18
51 9 -6.557254739192331e-16
53 9 -1.491591138796933e-16
55 9 -5.746813615259416e-16
4 10 -3.414337965374799e-17
8 10 -0.6666666666666665
10 10 2.666666666666668
12 10 -0.6666666666666665
18 10 3.414337965374798e-17
50 10 -6.938893903907228e-18
52 10 -6.557254739192331e-16
54 10 -1.491591138796933e-16
56 10 -5.746813615259416e-16
3 11 8.59247612720111e-17
5 11 -7.030705986544394e-18
9 11 -0.6666666666666665
11 11 2.666666666666668
13 11 -0.6666666666666665
17 11 -8.592476127201112e-17
19 11 7.030705986544394e-18
53 11 1.89084858881472e-16
55 11 6.453171330633722e-16
57 11 6.594659714143081e-17
59 11 5.441610703704747e-16
4 12 8.59247612720111e-17
6 12 -7.030705986544394e-18
10 12 -0.6666666666666665
12 12 2.666666666666668
14 12 -0.6666666666666665
18 12 -8.592476127201112e-17
20 12 7.030705986544394e-18
54 12 1.89084858881472e-16
56 12 6.453171330633722e-16
58 12 6.594659714143081e-17
60 12 5.441610703704747e-16
5 13 2.019640991683711e-17
11 13 -0.6666666666666665
13 13 1.333333333333334
19 13 -2.019640991683711e-17
57 13 -4.250072516143177e-17
59 13 -5.464378949326942e-16
6 14 2.019640991683711e-17
12 14 -0.6666666666666665
14 14 1.333333333333334
20 14 -2.019640991683711e-17
58 14 -4.250072516143177e-17
60 14 -5.464378949326942e-16
1 15 -0.6666666666666666
15 15 2.666666666666667
29 15 -0.6666666666666666
49 15 5.551115123125783e-17
51 15 5.585809592645319e-16
61 15 -1.09314684040851e-16
63 15 5.099002817199327e-16
2 16 -0.6666666666666666
16 16 2.666666666666667
30 16 -0.6666666666666666
50 16 5.551115123125783e-17
52 16 5.585809592645319e-16
62 16 -1.09314684040851e-16
64 16 5.099002817199327e-16
3 17 -0.6666666666666667
9 17 3.414337965374798e-17
11 17 -8.592476127201112e-17
17 17 2.666666666666667
23 17 -3.414337965374799e-17
25 17 8.59247612720111e-17
31 17 -0.6666666666666667
53 17 -1.656660919557851e-16
55 17 -6.713379852030243e-16
65 17 1.092875789865388e-16
67 17 -5.168933857324642e-16
4 18 -0.6666666666666667
10 18 3.414337965374798e-17
12 18 -8.592476127201112e-17
18 18 2.666666666666667
24 18 -3.414337965374799e-17
26 18 8.59247612720111e-17
32 18 -0.6666666666666667
54 18 -1.656660919557851e-16
56 18 -6.713379852030243e-16
66 18 1.092875789865388e-16
68 18 -5.168933857324642e-16
5 19 -0.6666666666666666
11 19 7.030705986544394e-18
13 19 -2.019640991683711e-17
19 19 2.666666666666667
25 19 -7.030705986544394e-18
27 19 2.019640991683709e-17
33 19 -0.6666666666666666
57 19 1.084202172485504e-16
59 19 5.551115123125783e-16
69 19 1.626303258728257e-18
71 19 5.166765452979671e-16
6 20 -0.6666666666666666
12 20 7.030705986544394e-18
14 20 -2.019640991683711e-17
20 20 2.666666666666667
26 20 -7.030705986544394e-18
28 20 2.019640991683709e-17
34 20 -0.6666666666666666
58 20 1.084202172485504e-16
60 20 5.551115123125783e-16
70 20 1.626303258728257e-18
72 20 5.166765452979671e-16
21 21 1.333333333333334
23 21 -0.6666666666666665
61 21 3.987153489315443e-17
63 21 -6.38974550354332e-16
22 22 1.333333333333334
24 22 -0.6666666666666665
62 22 3.987153489315443e-17
64 22 -6.38974550354332e-16
17 23 -3.414337965374799e-17
21 23 -0.6666666666666665
23 23 2.666666666666667
25 23 -0.6666666666666665
31 23 3.414337965374798e-17
61 23 1.994931997373328e-17
63 23 6.418476861114186e-16
65 23 1.439278383974507e-16
67 23 5.988590699723684e-16
18 24 -3.414337965374799e-17
22 24 -0.6666666666666665
24 24 2.666666666666667
26 24 -0.6666666666666665
32 24 3.414337965374798e-17
62 24 1.994931997373328e-17
64 24 6.418476861114186e-16
66 24 1.439278383974507e-16
68 24 5.988590699723684e-16
17 25 8.59247612720111e-17
19 25 -7.030705986544394e-18
23 25 -0.6666666666666665
25 25 2.666666666666668
27 25 -0.6666666666666665
31 25 -8.592476127201112e-17
33 25 7.030705986544394e-18
65 25 -1.665334536937735e-16
67 25 -6.158268339717665e-16
69 25 -7.480994990149981e-17
71 25 -5.337527295146138e-16
18 26 8.59247612720111e-17
20 26 -7.030705986544394e-18
24 26 -0.6666666666666665
26 26 2.666666666666668
28 26 -0.6666666666666665
32 26 -8.592476127201112e-17
34 26 7.030705986544394e-18
66 26 -1.665334536937735e-16
68 26 -6.158268339717665e-16
70 26 -7.480994990149981e-17
72 26 -5.337527295146138e-16
19 27 2.019640991683709e-17
25 27 -0.6666666666666665
27 27 1.333333333333333
33 27 -2.01964099168371e-17
69 27 8.500145032286355e-17
71 27 5.516420653606247e-16
20 28 2.019640991683709e-17
26 28 -0.6666666666666665
28 28 1.333333333333333
34 28 -2.01964099168371e-17
70 28 8.500145032286355e-17
72 28 5.516420653606247e-16
15 29 -0.6666666666666666
29 29 2.666666666666668
43 29 -0.6666666666666667
61 29 -6.331740687315346e-17
63 29 -5.048045315092509e-16
73 29 1.09314684040851e-16
75 29 -5.099002817199327e-16
16 30 -0.6666666666666666
30 30 2.666666666666668
44 30 -0.6666666666666667
62 30 -6.331740687315346e-17
64 30 -5.048045315092509e-16
74 30 1.09314684040851e-16
76 30 -5.099002817199327e-16
17 31 -0.6666666666666667
23 31 3.414337965374798e-17
25 31 -8.592476127201112e-17
31 31 2.666666666666667
37 31 -3.414337965374799e-17
39 31 8.592476127201112e-17
45 31 -0.6666666666666667
65 31 6.245004513516506e-17
67 31 5.898059818321144e-16
77 31 -1.092875789865388e-16
79 31 4.891378101168353e-16
18 32 -0.6666666666666667
24 32 3.414337965374798e-17
26 32 -8.592476127201112e-17
32 32 2.666666666666667
38 32 -3.414337965374799e-17
40 32 8.592476127201112e-17
46 32 -0.6666666666666667
66 32 6.245004513516506e-17
68 32 5.898059818321144e-16
78 32 -1.092875789865388e-16
80 32 4.891378101168353e-16
19 33 -0.6666666666666666
25 33 7.030705986544394e-18
27 33 -2.01964099168371e-17
33 33 2.666666666666667
39 33 -7.030705986544394e-18
41 33 2.019640991683709e-17
47 33 -0.6666666666666667
69 33 5.030698080332741e-17
71 33 -6.123573870198129e-16
81 33 -1.626303258728257e-18
83 33 -4.611653940667093e-16
20 34 -0.6666666666666666
26 34 7.030705986544394e-18
28 34 -2.01964099168371e-17
34 34 2.666666666666667
40 34 -7.030705986544394e-18
42 34 2.019640991683709e-17
48 34 -0.6666666666666667
70 34 5.030698080332741e-17
72 34 -6.123573870198129e-16
82 34 -1.626303258728257e-18
84 34 -4.611653940667093e-16
35 35 1.333333333333334
37 35 -0.6666666666666665
73 35 -2.599374708533997e-17
75 35 5.487689296035381e-16
36 36 1.333333333333334
38 36 -0.6666666666666665
74 36 -2.599374708533997e-17
76 36 5.487689296035381e-16
31 37 -3.414337965374799e-17
35 37 -0.6666666666666665
37 37 2.666666666666667
39 37 -0.6666666666666665
45 37 3.414337965374798e-17
73 37 3.556183125752455e-17
75 37 -5.585809592645319e-16
77 37 -1.578056262052652e-16
79 37 -5.849812821645539e-16
32 38 -3.414337965374799e-17
36 38 -0.6666666666666665
38 38 2.666666666666667
40 38 -0.6666666666666665
46 38 3.414337965374798e-17
74 38 3.556183125752455e-17
76 38 -5.585809592645319e-16
78 38 -1.578056262052652e-16
80 38 -5.849812821645539e-16
31 39 8.592476127201112e-17
33 39 -7.030705986544394e-18
37 39 -0.6666666666666665
39 39 2.666666666666667
41 39 -0.6666666666666665
45 39 -8.592476127201112e-17
47 39 7.030705986544394e-18
77 39 2.220446049250313e-16
79 39 6.435824095873954e-16
81 39 3.317658647805644e-17
83 39 5.476305173224283e-16
32 40 8.592476127201112e-17
34 40 -7.030705986544394e-18
38 40 -0.6666666666666665
40 40 2.666666666666667
42 40 -0.6666666666666665
46 40 -8.592476127201112e-17
48 40 7.030705986544394e-18
78 40 2.220446049250313e-16
80 40 6.435824095873954e-16
82 40 3.317658647805644e-17
84 40 5.476305173224283e-16
33 41 2.019640991683709e-17
39 41 -0.6666666666666665
41 41 1.333333333333333
47 41 -2.01964099168371e-17
81 41 -1.127570259384925e-16
83 41 -5.238864897449957e-16
34 42 2.019640991683709e-17
40 42 -0.6666666666666665
42 42 1.333333333333333
48 42 -2.01964099168371e-17
82 42 -1.127570259384925e-16
84 42 -5.238864897449957e-16
29 43 -0.6666666666666667
43 43 1.333333333333334
73 43 -4.77048955893622e-17
75 43 4.49293380277993e-16
30 44 -0.6666666666666667
44 44 1.333333333333334
74 44 -4.77048955893622e-17
76 44 4.49293380277993e-16
31 45 -0.6666666666666667
37 45 3.414337965374798e-17
39 45 -8.592476127201112e-17
45 45 1.333333333333333
77 45 -6.245004513516506e-17
79 45 -4.787836793695988e-16
32 46 -0.6666666666666667
38 46 3.414337965374798e-17
40 46 -8.592476127201112e-17
46 46 1.333333333333333
78 46 -6.245004513516506e-17
80 46 -4.787836793695988e-16
33 47 -0.6666666666666667
39 47 7.030705986544394e-18
41 47 -2.01964099168371e-17
47 47 1.333333333333333
81 47 -5.030698080332741e-17
83 47 6.123573870198129e-16
34 48 -0.6666666666666667
40 48 7.030705986544394e-18
42 48 -2.01964099168371e-17
48 48 1.333333333333333
82 48 -5.030698080332741e-17
84 48 6.123573870198129e-16
1 49 2.780978572425319e-17
7 49 1.740144486839235e-17
9 49 -6.938893903907228e-18
15 49 5.551115123125783e-17
49 49 5.68888888888889
51 49 -7.806255641895632e-18
2 50 2.780978572425319e-17
8 50 1.740144486839235e-17
10 50 -6.938893903907228e-18
16 50 5.551115123125783e-17
50 50 5.68888888888889
52 50 -7.806255641895632e-18
1 51 -5.41071094178891e-16
7 51 6.391371806802049e-16
9 51 -6.557254739192331e-16
15 51 5.585809592645319e-16
49 51 -7.806255641895632e-18
51 51 4.22603174603174
2 52 -5.41071094178891e-16
8 52 6.391371806802049e-16
10 52 -6.557254739192331e-16
16 52 5.585809592645319e-16
50 52 -7.806255641895632e-18
52 52 4.22603174603174
3 53 -2.778268066994105e-17
9 53 -1.491591138796933e-16
11 53 1.89084858881472e-16
17 53 -1.656660919557851e-16
53 53 5.688888888888891
55 53 -6.938893903907228e-18
4 54 -2.778268066994105e-17
10 54 -1.491591138796933e-16
12 54 1.89084858881472e-16
18 54 -1.656660919557851e-16
54 54 5.688888888888891
56 54 -6.938893903907228e-18
3 55 4.925530469601647e-16
9 55 -5.746813615259416e-16
11 55 6.453171330633722e-16
17 55 -6.713379852030243e-16
53 55 -6.938893903907228e-18
55 55 4.22603174603174
4 56 4.925530469601647e-16
10 56 -5.746813615259416e-16
12 56 6.453171330633722e-16
18 56 -6.713379852030243e-16
54 56 -6.938893903907228e-18
56 56 4.22603174603174
5 57 1.111578277340763e-16
11 57 6.594659714143081e-17
13 57 -4.250072516143177e-17
19 57 1.084202172485504e-16
57 57 5.688888888888891
59 57 4.683753385137379e-17
6 58 1.111578277340763e-16
12 58 6.594659714143081e-17
14 58 -4.250072516143177e-17
20 58 1.084202172485504e-16
58 58 5.688888888888891
60 58 4.683753385137379e-17
5 59 -5.200917821412965e-16
11 59 5.441610703704747e-16
13 59 -5.464378949326942e-16
19 59 5.551115123125783e-16
57 59 4.683753385137379e-17
59 59 4.22603174603174
6 60 -5.200917821412965e-16
12 60 5.441610703704747e-16
14 60 -5.464378949326942e-16
20 60 5.551115123125783e-16
58 60 4.683753385137379e-17
60 60 4.22603174603174
15 61 -1.09314684040851e-16
21 61 3.987153489315443e-17
23 61 1.994931997373328e-17
29 61 -6.331740687315346e-17
61 61 5.688888888888891
63 61 6.158268339717665e-17
16 62 -1.09314684040851e-16
22 62 3.987153489315443e-17
24 62 1.994931997373328e-17
30 62 -6.331740687315346e-17
62 62 5.688888888888891
64 62 6.158268339717665e-17
15 63 5.099002817199327e-16
21 63 -6.38974550354332e-16
23 63 6.418476861114186e-16
29 63 -5.048045315092509e-16
61 63 6.158268339717665e-17
63 63 4.22603174603174
16 64 5.099002817199327e-16
22 64 -6.38974550354332e-16
24 64 6.418476861114186e-16
30 64 -5.048045315092509e-16
62 64 6.158268339717665e-17
64 64 4.22603174603174
17 65 1.092875789865388e-16
23 65 1.439278383974507e-16
25 65 -1.665334536937735e-16
31 65 6.245004513516506e-17
65 65 5.688888888888891
67 65 2.289834988289385e-16
18 66 1.092875789865388e-16
24 66 1.439278383974507e-16
26 66 -1.665334536937735e-16
32 66 6.245004513516506e-17
66 66 5.688888888888891
68 66 2.289834988289385e-16
17 67 -5.168933857324642e-16
23 67 5.988590699723684e-16
25 67 -6.158268339717665e-16
31 67 5.898059818321144e-16
65 67 2.289834988289385e-16
67 67 4.22603174603174
18 68 -5.168933857324642e-16
24 68 5.988590699723684e-16
26 68 -6.158268339717665e-16
32 68 5.898059818321144e-16
66 68 2.289834988289385e-16
68 68 4.22603174603174
19 69 1.626303258728257e-18
25 69 -7.480994990149981e-17
27 69 8.500145032286355e-17
33 69 5.030698080332741e-17
69 69 5.688888888888891
71 69 6.158268339717665e-17
20 70 1.626303258728257e-18
26 70 -7.480994990149981e-17
28 70 8.500145032286355e-17
34 70 5.030698080332741e-17
70 70 5.688888888888891
72 70 6.158268339717665e-17
19 71 5.166765452979671e-16
25 71 -5.337527295146138e-16
27 71 5.516420653606247e-16
33 71 -6.123573870198129e-16
69 71 6.158268339717665e-17
71 71 4.22603174603174
20 72 5.166765452979671e-16
26 72 -5.337527295146138e-16
28 72 5.516420653606247e-16
34 72 -6.123573870198129e-16
70 72 6.158268339717665e-17
72 72 4.22603174603174
29 73 1.09314684040851e-16
35 73 -2.599374708533997e-17
37 73 3.556183125752455e-17
43 73 -4.77048955893622e-17
73 73 5.688888888888891
75 73 6.158268339717665e-17
30 74 1.09314684040851e-16
36 74 -2.599374708533997e-17
38 74 3.556183125752455e-17
44 74 -4.77048955893622e-17
74 74 5.688888888888891
76 74 6.158268339717665e-17
29 75 -5.099002817199327e-16
35 75 5.487689296035381e-16
37 75 -5.585809592645319e-16
43 75 4.49293380277993e-16
73 75 6.158268339717665e-17
75 75 4.22603174603174
30 76 -5.099002817199327e-16
36 76 5.487689296035381e-16
38 76 -5.585809592645319e-16
44 76 4.49293380277993e-16
74 76 6.158268339717665e-17
76 76 4.22603174603174
31 77 -1.092875789865388e-16
37 77 -1.578056262052652e-16
39 77 2.220446049250313e-16
45 77 -6.245004513516506e-17
77 77 5.688888888888891
79 77 2.289834988289385e-16
32 78 -1.092875789865388e-16
38 78 -1.578056262052652e-16
40 78 2.220446049250313e-16
46 78 -6.245004513516506e-17
78 78 5.688888888888891
80 78 2.289834988289385e-16
31 79 4.891378101168353e-16
37 79 -5.849812821645539e-16
39 79 6.435824095873954e-16
45 79 -4.787836793695988e-16
77 79 2.289834988289385e-16
79 79 4.22603174603174
32 80 4.891378101168353e-16
38 80 -5.849812821645539e-16
40 80 6.435824095873954e-16
46 80 -4.787836793695988e-16
78 80 2.289834988289385e-16
80 80 4.22603174603174
33 81 -1.626303258728257e-18
39 81 3.317658647805644e-17
41 81 -1.127570259384925e-16
47 81 -5.030698080332741e-17
81 81 5.688888888888891
83 81 6.158268339717665e-17
34 82 -1.626303258728257e-18
40 82 3.317658647805644e-17
42 82 -1.127570259384925e-16
48 82 -5.030698080332741e-17
82 82 5.688888888888891
84 82 6.158268339717665e-17
33 83 -4.611653940667093e-16
39 83 5.476305173224283e-16
41 83 -5.238864897449957e-16
47 83 6.123573870198129e-16
81 83 6.158268339717665e-17
83 83 4.22603174603174
34 84 -4.611653940667093e-16
40 84 5.476305173224283e-16
42 84 -5.238864897449957e-16
48 84 6.123573870198129e-16
82 84 6.158268339717665e-17
84 84 4.22603174603174


# name: AELEM
# type: matrix
# rows: 12
# columns: 12
 1.333333333333334 0 2.019640991683709e-17 0 -0.6666666666666667 0 -7.030705986544394e-18 0 -1.626303258728257e-18 0 -4.611653940667093e-16 0
 0 1.333333333333334 0 2.019640991683709e-17 0 -0.6666666666666667 0 -7.030705986544394e-18 0 -1.626303258728257e-18 0 -4.611653940667093e-16
 2.019640991683709e-17 0 1.333333333333333 0 -2.01964099168371e-17 0 -0.6666666666666665 0 -1.127570259384925e-16 0 -5.238864897449957e-16 0
 0 2.019640991683709e-17 0 1.333333333333333 0 -2.01964099168371e-17 0 -0.6666666666666665 0 -1.127570259384925e-16 0 -5.238864897449957e-16
 -0.6666666666666667 0 -2.01964099168371e-17 0 1.333333333333333 0 7.030705986544394e-18 0 -5.030698080332741e-17 0 6.123573870198129e-16 0
 0 -0.6666666666666667 0 -2.01964099168371e-17 0 1.333333333333333 0 7.030705986544394e-18 0 -5.030698080332741e-17 0 6.123573870198129e-16
 -7.030705986544394e-18 0 -0.6666666666666665 0 7.030705986544394e-18 0 1.333333333333334 0 3.317658647805644e-17 0 5.476305173224283e-16 0
 0 -7.030705986544394e-18 0 -0.6666666666666665 0 7.030705986544394e-18 0 1.333333333333334 0 3.317658647805644e-17 0 5.476305173224283e-16
 -1.626303258728257e-18 0 -1.127570259384925e-16 0 -5.030698080332741e-17 0 3.317658647805644e-17 0 5.688888888888891 0 6.158268339717665e-17 0
 0 -1.626303258728257e-18 0 -1.127570259384925e-16 0 -5.030698080332741e-17 0 3.317658647805644e-17 0 5.688888888888891 0 6.158268339717665e-17
 -4.611653940667093e-16 0 -5.238864897449957e-16 0 6.123573870198129e-16 0 5.476305173224283e-16 0 6.158268339717665e-17 0 4.22603174603174 0
 0 -4.611653940667093e-16 0 -5.238864897449957e-16 0 6.123573870198129e-16 0 5.476305173224283e-16 0 6.158268339717665e-17 0 4.22603174603174


# name: B
# type: sparse matrix
# nnz: 72
# rows: 84
# columns: 18
1 1 2
7 1 2
9 1 2
15 1 2
2 2 2
8 2 2
10 2 2
16 2 2
3 3 -2
9 3 -2
11 3 -2
17 3 -2
4 4 -2
10 4 -2
12 4 -2
18 4 -2
5 5 2
11 5 2
13 5 2
19 5 2
6 6 2
12 6 2
14 6 2
20 6 2
15 7 -2
21 7 -2
23 7 -2
29 7 -2
16 8 -2
22 8 -2
24 8 -2
30 8 -2
17 9 2
23 9 2
25 9 2
31 9 2
18 10 2
24 10 2
26 10 2
32 10 2
19 11 -2
25 11 -2
27 11 -2
33 11 -2
20 12 -2
26 12 -2
28 12 -2
34 12 -2
29 13 2
35 13 2
37 13 2
43 13 2
30 14 2
36 14 2
38 14 2
44 14 2
31 15 -2
37 15 -2
39 15 -2
45 15 -2
32 16 -2
38 16 -2
40 16 -2
46 16 -2
33 17 2
39 17 2
41 17 2
47 17 2
34 18 2
40 18 2
42 18 2
48 18 2


# name: BELEM
# type: matrix
# rows: 12
# columns: 2
 2 0
 0 2
 2 0
 0 2
 2 0
 0 2
 2 0
 0 2
 0 0
 0 0
 0 0
 0 0


# name: C
# type: sparse matrix
# nnz: 36
# rows: 84
# columns: 16
1 1 -0.1185185185185185
1 2 -0.1407407407407408
3 2 -0.1185185185185184
3 3 0.08148148148148147
5 3 -0.1185185185185185
5 4 -0.1407407407407407
1 5 0.08148148148148149
15 5 -0.1185185185185184
1 6 0.177777777777778
3 6 -0.1407407407407407
15 6 0.0814814814814815
17 6 -0.1185185185185185
3 7 0.177777777777778
5 7 0.08148148148148152
17 7 -0.1407407407407408
19 7 -0.1185185185185184
5 8 0.177777777777778
19 8 0.08148148148148152
15 9 -0.1407407407407407
29 9 -0.1185185185185185
15 10 0.177777777777778
17 10 0.08148148148148152
29 10 -0.1407407407407408
31 10 -0.1185185185185185
17 11 0.177777777777778
19 11 -0.1407407407407407
31 11 0.08148148148148153
33 11 -0.1185185185185185
19 12 0.177777777777778
33 12 -0.1407407407407408
29 13 0.08148148148148152
29 14 0.1777777777777779
31 14 -0.1407407407407407
31 15 0.177777777777778
33 15 0.08148148148148153
33 16 0.1777777777777779


# name: CELEM
# type: matrix
# rows: 12
# columns: 4
 -0.1111111111111111 -0.1111111111111111 -0.05555555555555555 -0.05555555555555556
 0 0 0 0
 -9.596790186610299e-19 -2.406389300811823e-18 -2.406389300811824e-18 -9.596790186610298e-19
 -0.05555555555555556 -0.1111111111111111 -0.1111111111111111 -0.05555555555555555
 0.05555555555555556 0.05555555555555555 0.1111111111111111 0.1111111111111111
 0 0 0 0
 2.121053124297029e-19 9.596790186610299e-19 9.596790186610298e-19 2.121053124297029e-19
 0.1111111111111111 0.05555555555555556 0.05555555555555555 0.1111111111111111
 -0.07407407407407413 0.07407407407407407 0.07407407407407408 -0.07407407407407411
 -0.07407407407407407 -0.07407407407407413 0.0740740740740741 0.0740740740740741
 0.01481481481481485 -0.01481481481481479 0.01481481481481488 -0.0148148148148148
 0.01481481481481487 -0.01481481481481479 0.01481481481481488 -0.01481481481481478


# name: I
# type: matrix
# rows: 0
# columns: 0


# name: I1
# type: range
# base, limit, increment
1 6 1


# name: I2
# type: range
# base, limit, increment
43 48 1


# name: K
# type: sparse matrix
# nnz: 792
# rows: 118
# columns: 118
1 1 1.333333333333334
15 1 -0.6666666666666666
49 1 2.780978572425319e-17
51 1 -5.41071094178891e-16
85 1 2
103 1 -0.1185185185185185
104 1 -0.1407407407407408
107 1 0.08148148148148149
108 1 0.177777777777778
2 2 1.333333333333334
16 2 -0.6666666666666666
50 2 2.780978572425319e-17
52 2 -5.41071094178891e-16
86 2 2
3 3 1.333333333333334
9 3 -3.414337965374799e-17
11 3 8.59247612720111e-17
17 3 -0.6666666666666667
53 3 -2.778268066994105e-17
55 3 4.925530469601647e-16
87 3 -2
104 3 -0.1185185185185184
105 3 0.08148148148148147
108 3 -0.1407407407407407
109 3 0.177777777777778
4 4 1.333333333333334
10 4 -3.414337965374799e-17
12 4 8.59247612720111e-17
18 4 -0.6666666666666667
54 4 -2.778268066994105e-17
56 4 4.925530469601647e-16
88 4 -2
5 5 1.333333333333333
11 5 -7.030705986544394e-18
13 5 2.019640991683711e-17
19 5 -0.6666666666666666
57 5 1.111578277340763e-16
59 5 -5.200917821412965e-16
89 5 2
105 5 -0.1185185185185185
106 5 -0.1407407407407407
109 5 0.08148148148148152
110 5 0.177777777777778
6 6 1.333333333333333
12 6 -7.030705986544394e-18
14 6 2.019640991683711e-17
20 6 -0.6666666666666666
58 6 1.111578277340763e-16
60 6 -5.200917821412965e-16
90 6 2
7 7 1.333333333333334
9 7 -0.6666666666666665
49 7 1.740144486839235e-17
51 7 6.391371806802049e-16
85 7 2
8 8 1.333333333333334
10 8 -0.6666666666666665
50 8 1.740144486839235e-17
52 8 6.391371806802049e-16
86 8 2
3 9 -3.414337965374799e-17
7 9 -0.6666666666666665
9 9 2.666666666666668
11 9 -0.6666666666666665
17 9 3.414337965374798e-17
49 9 -6.938893903907228e-18
51 9 -6.557254739192331e-16
53 9 -1.491591138796933e-16
55 9 -5.746813615259416e-16
85 9 2
87 9 -2
4 10 -3.414337965374799e-17
8 10 -0.6666666666666665
10 10 2.666666666666668
12 10 -0.6666666666666665
18 10 3.414337965374798e-17
50 10 -6.938893903907228e-18
52 10 -6.557254739192331e-16
54 10 -1.491591138796933e-16
56 10 -5.746813615259416e-16
86 10 2
88 10 -2
3 11 8.59247612720111e-17
5 11 -7.030705986544394e-18
9 11 -0.6666666666666665
11 11 2.666666666666668
13 11 -0.6666666666666665
17 11 -8.592476127201112e-17
19 11 7.030705986544394e-18
53 11 1.89084858881472e-16
55 11 6.453171330633722e-16
57 11 6.594659714143081e-17
59 11 5.441610703704747e-16
87 11 -2
89 11 2
4 12 8.59247612720111e-17
6 12 -7.030705986544394e-18
10 12 -0.6666666666666665
12 12 2.666666666666668
14 12 -0.6666666666666665
18 12 -8.592476127201112e-17
20 12 7.030705986544394e-18
54 12 1.89084858881472e-16
56 12 6.453171330633722e-16
58 12 6.594659714143081e-17
60 12 5.441610703704747e-16
88 12 -2
90 12 2
5 13 2.019640991683711e-17
11 13 -0.6666666666666665
13 13 1.333333333333334
19 13 -2.019640991683711e-17
57 13 -4.250072516143177e-17
59 13 -5.464378949326942e-16
89 13 2
6 14 2.019640991683711e-17
12 14 -0.6666666666666665
14 14 1.333333333333334
20 14 -2.019640991683711e-17
58 14 -4.250072516143177e-17
60 14 -5.464378949326942e-16
90 14 2
1 15 -0.6666666666666666
15 15 2.666666666666667
29 15 -0.6666666666666666
49 15 5.551115123125783e-17
51 15 5.585809592645319e-16
61 15 -1.09314684040851e-16
63 15 5.099002817199327e-16
85 15 2
91 15 -2
107 15 -0.1185185185185184
108 15 0.0814814814814815
111 15 -0.1407407407407407
112 15 0.177777777777778
2 16 -0.6666666666666666
16 16 2.666666666666667
30 16 -0.6666666666666666
50 16 5.551115123125783e-17
52 16 5.585809592645319e-16
62 16 -1.09314684040851e-16
64 16 5.099002817199327e-16
86 16 2
92 16 -2
3 17 -0.6666666666666667
9 17 3.414337965374798e-17
11 17 -8.592476127201112e-17
17 17 2.666666666666667
23 17 -3.414337965374799e-17
25 17 8.59247612720111e-17
31 17 -0.6666666666666667
53 17 -1.656660919557851e-16
55 17 -6.713379852030243e-16
65 17 1.092875789865388e-16
67 17 -5.168933857324642e-16
87 17 -2
93 17 2
108 17 -0.1185185185185185
109 17 -0.1407407407407408
112 17 0.08148148148148152
113 17 0.177777777777778
4 18 -0.6666666666666667
10 18 3.414337965374798e-17
12 18 -8.592476127201112e-17
18 18 2.666666666666667
24 18 -3.414337965374799e-17
26 18 8.59247612720111e-17
32 18 -0.6666666666666667
54 18 -1.656660919557851e-16
56 18 -6.713379852030243e-16
66 18 1.092875789865388e-16
68 18 -5.168933857324642e-16
88 18 -2
94 18 2
5 19 -0.6666666666666666
11 19 7.030705986544394e-18
13 19 -2.019640991683711e-17
19 19 2.666666666666667
25 19 -7.030705986544394e-18
27 19 2.019640991683709e-17
33 19 -0.6666666666666666
57 19 1.084202172485504e-16
59 19 5.551115123125783e-16
69 19 1.626303258728257e-18
71 19 5.166765452979671e-16
89 19 2
95 19 -2
109 19 -0.1185185185185184
110 19 0.08148148148148152
113 19 -0.1407407407407407
114 19 0.177777777777778
6 20 -0.6666666666666666
12 20 7.030705986544394e-18
14 20 -2.019640991683711e-17
20 20 2.666666666666667
26 20 -7.030705986544394e-18
28 20 2.019640991683709e-17
34 20 -0.6666666666666666
58 20 1.084202172485504e-16
60 20 5.551115123125783e-16
70 20 1.626303258728257e-18
72 20 5.166765452979671e-16
90 20 2
96 20 -2
21 21 1.333333333333334
23 21 -0.6666666666666665
61 21 3.987153489315443e-17
63 21 -6.38974550354332e-16
91 21 -2
22 22 1.333333333333334
24 22 -0.6666666666666665
62 22 3.987153489315443e-17
64 22 -6.38974550354332e-16
92 22 -2
17 23 -3.414337965374799e-17
21 23 -0.6666666666666665
23 23 2.666666666666667
25 23 -0.6666666666666665
31 23 3.414337965374798e-17
61 23 1.994931997373328e-17
63 23 6.418476861114186e-16
65 23 1.439278383974507e-16
67 23 5.988590699723684e-16
91 23 -2
93 23 2
18 24 -3.414337965374799e-17
22 24 -0.6666666666666665
24 24 2.666666666666667
26 24 -0.6666666666666665
32 24 3.414337965374798e-17
62 24 1.994931997373328e-17
64 24 6.418476861114186e-16
66 24 1.439278383974507e-16
68 24 5.988590699723684e-16
92 24 -2
94 24 2
17 25 8.59247612720111e-17
19 25 -7.030705986544394e-18
23 25 -0.6666666666666665
25 25 2.666666666666668
27 25 -0.6666666666666665
31 25 -8.592476127201112e-17
33 25 7.030705986544394e-18
65 25 -1.665334536937735e-16
67 25 -6.158268339717665e-16
69 25 -7.480994990149981e-17
71 25 -5.337527295146138e-16
93 25 2
95 25 -2
18 26 8.59247612720111e-17
20 26 -7.030705986544394e-18
24 26 -0.6666666666666665
26 26 2.666666666666668
28 26 -0.6666666666666665
32 26 -8.592476127201112e-17
34 26 7.030705986544394e-18
66 26 -1.665334536937735e-16
68 26 -6.158268339717665e-16
70 26 -7.480994990149981e-17
72 26 -5.337527295146138e-16
94 26 2
96 26 -2
19 27 2.019640991683709e-17
25 27 -0.6666666666666665
27 27 1.333333333333333
33 27 -2.01964099168371e-17
69 27 8.500145032286355e-17
71 27 5.516420653606247e-16
95 27 -2
20 28 2.019640991683709e-17
26 28 -0.6666666666666665
28 28 1.333333333333333
34 28 -2.01964099168371e-17
70 28 8.500145032286355e-17
72 28 5.516420653606247e-16
96 28 -2
15 29 -0.6666666666666666
29 29 2.666666666666668
43 29 -0.6666666666666667
61 29 -6.331740687315346e-17
63 29 -5.048045315092509e-16
73 29 1.09314684040851e-16
75 29 -5.099002817199327e-16
91 29 -2
97 29 2
111 29 -0.1185185185185185
112 29 -0.1407407407407408
115 29 0.08148148148148152
116 29 0.1777777777777779
16 30 -0.6666666666666666
30 30 2.666666666666668
44 30 -0.6666666666666667
62 30 -6.331740687315346e-17
64 30 -5.048045315092509e-16
74 30 1.09314684040851e-16
76 30 -5.099002817199327e-16
92 30 -2
98 30 2
17 31 -0.6666666666666667
23 31 3.414337965374798e-17
25 31 -8.592476127201112e-17
31 31 2.666666666666667
37 31 -3.414337965374799e-17
39 31 8.592476127201112e-17
45 31 -0.6666666666666667
65 31 6.245004513516506e-17
67 31 5.898059818321144e-16
77 31 -1.092875789865388e-16
79 31 4.891378101168353e-16
93 31 2
99 31 -2
112 31 -0.1185185185185185
113 31 0.08148148148148153
116 31 -0.1407407407407407
117 31 0.177777777777778
18 32 -0.6666666666666667
24 32 3.414337965374798e-17
26 32 -8.592476127201112e-17
32 32 2.666666666666667
38 32 -3.414337965374799e-17
40 32 8.592476127201112e-17
46 32 -0.6666666666666667
66 32 6.245004513516506e-17
68 32 5.898059818321144e-16
78 32 -1.092875789865388e-16
80 32 4.891378101168353e-16
94 32 2
100 32 -2
19 33 -0.6666666666666666
25 33 7.030705986544394e-18
27 33 -2.01964099168371e-17
33 33 2.666666666666667
39 33 -7.030705986544394e-18
41 33 2.019640991683709e-17
47 33 -0.6666666666666667
69 33 5.030698080332741e-17
71 33 -6.123573870198129e-16
81 33 -1.626303258728257e-18
83 33 -4.611653940667093e-16
95 33 -2
101 33 2
113 33 -0.1185185185185185
114 33 -0.1407407407407408
117 33 0.08148148148148153
118 33 0.1777777777777779
20 34 -0.6666666666666666
26 34 7.030705986544394e-18
28 34 -2.01964099168371e-17
34 34 2.666666666666667
40 34 -7.030705986544394e-18
42 34 2.019640991683709e-17
48 34 -0.6666666666666667
70 34 5.030698080332741e-17
72 34 -6.123573870198129e-16
82 34 -1.626303258728257e-18
84 34 -4.611653940667093e-16
96 34 -2
102 34 2
35 35 1.333333333333334
37 35 -0.6666666666666665
73 35 -2.599374708533997e-17
75 35 5.487689296035381e-16
97 35 2
36 36 1.333333333333334
38 36 -0.6666666666666665
74 36 -2.599374708533997e-17
76 36 5.487689296035381e-16
98 36 2
31 37 -3.414337965374799e-17
35 37 -0.6666666666666665
37 37 2.666666666666667
39 37 -0.6666666666666665
45 37 3.414337965374798e-17
73 37 3.556183125752455e-17
75 37 -5.585809592645319e-16
77 37 -1.578056262052652e-16
79 37 -5.849812821645539e-16
97 37 2
99 37 -2
32 38 -3.414337965374799e-17
36 38 -0.6666666666666665
38 38 2.666666666666667
40 38 -0.6666666666666665
46 38 3.414337965374798e-17
74 38 3.556183125752455e-17
76 38 -5.585809592645319e-16
78 38 -1.578056262052652e-16
80 38 -5.849812821645539e-16
98 38 2
100 38 -2
31 39 8.592476127201112e-17
33 39 -7.030705986544394e-18
37 39 -0.6666666666666665
39 39 2.666666666666667
41 39 -0.6666666666666665
45 39 -8.592476127201112e-17
47 39 7.030705986544394e-18
77 39 2.220446049250313e-16
79 39 6.435824095873954e-16
81 39 3.317658647805644e-17
83 39 5.476305173224283e-16
99 39 -2
101 39 2
32 40 8.592476127201112e-17
34 40 -7.030705986544394e-18
38 40 -0.6666666666666665
40 40 2.666666666666667
42 40 -0.6666666666666665
46 40 -8.592476127201112e-17
48 40 7.030705986544394e-18
78 40 2.220446049250313e-16
80 40 6.435824095873954e-16
82 40 3.317658647805644e-17
84 40 5.476305173224283e-16
100 40 -2
102 40 2
33 41 2.019640991683709e-17
39 41 -0.6666666666666665
41 41 1.333333333333333
47 41 -2.01964099168371e-17
81 41 -1.127570259384925e-16
83 41 -5.238864897449957e-16
101 41 2
34 42 2.019640991683709e-17
40 42 -0.6666666666666665
42 42 1.333333333333333
48 42 -2.01964099168371e-17
82 42 -1.127570259384925e-16
84 42 -5.238864897449957e-16
102 42 2
29 43 -0.6666666666666667
43 43 1.333333333333334
73 43 -4.77048955893622e-17
75 43 4.49293380277993e-16
97 43 2
30 44 -0.6666666666666667
44 44 1.333333333333334
74 44 -4.77048955893622e-17
76 44 4.49293380277993e-16
98 44 2
31 45 -0.6666666666666667
37 45 3.414337965374798e-17
39 45 -8.592476127201112e-17
45 45 1.333333333333333
77 45 -6.245004513516506e-17
79 45 -4.787836793695988e-16
99 45 -2
32 46 -0.6666666666666667
38 46 3.414337965374798e-17
40 46 -8.592476127201112e-17
46 46 1.333333333333333
78 46 -6.245004513516506e-17
80 46 -4.787836793695988e-16
100 46 -2
33 47 -0.6666666666666667
39 47 7.030705986544394e-18
41 47 -2.01964099168371e-17
47 47 1.333333333333333
81 47 -5.030698080332741e-17
83 47 6.123573870198129e-16
101 47 2
34 48 -0.6666666666666667
40 48 7.030705986544394e-18
42 48 -2.01964099168371e-17
48 48 1.333333333333333
82 48 -5.030698080332741e-17
84 48 6.123573870198129e-16
102 48 2
1 49 2.780978572425319e-17
7 49 1.740144486839235e-17
9 49 -6.938893903907228e-18
15 49 5.551115123125783e-17
49 49 5.68888888888889
51 49 -7.806255641895632e-18
2 50 2.780978572425319e-17
8 50 1.740144486839235e-17
10 50 -6.938893903907228e-18
16 50 5.551115123125783e-17
50 50 5.68888888888889
52 50 -7.806255641895632e-18
1 51 -5.41071094178891e-16
7 51 6.391371806802049e-16
9 51 -6.557254739192331e-16
15 51 5.585809592645319e-16
49 51 -7.806255641895632e-18
51 51 4.22603174603174
2 52 -5.41071094178891e-16
8 52 6.391371806802049e-16
10 52 -6.557254739192331e-16
16 52 5.585809592645319e-16
50 52 -7.806255641895632e-18
52 52 4.22603174603174
3 53 -2.778268066994105e-17
9 53 -1.491591138796933e-16
11 53 1.89084858881472e-16
17 53 -1.656660919557851e-16
53 53 5.688888888888891
55 53 -6.938893903907228e-18
4 54 -2.778268066994105e-17
10 54 -1.491591138796933e-16
12 54 1.89084858881472e-16
18 54 -1.656660919557851e-16
54 54 5.688888888888891
56 54 -6.938893903907228e-18
3 55 4.925530469601647e-16
9 55 -5.746813615259416e-16
11 55 6.453171330633722e-16
17 55 -6.713379852030243e-16
53 55 -6.938893903907228e-18
55 55 4.22603174603174
4 56 4.925530469601647e-16
10 56 -5.746813615259416e-16
12 56 6.453171330633722e-16
18 56 -6.713379852030243e-16
54 56 -6.938893903907228e-18
56 56 4.22603174603174
5 57 1.111578277340763e-16
11 57 6.594659714143081e-17
13 57 -4.250072516143177e-17
19 57 1.084202172485504e-16
57 57 5.688888888888891
59 57 4.683753385137379e-17
6 58 1.111578277340763e-16
12 58 6.594659714143081e-17
14 58 -4.250072516143177e-17
20 58 1.084202172485504e-16
58 58 5.688888888888891
60 58 4.683753385137379e-17
5 59 -5.200917821412965e-16
11 59 5.441610703704747e-16
13 59 -5.464378949326942e-16
19 59 5.551115123125783e-16
57 59 4.683753385137379e-17
59 59 4.22603174603174
6 60 -5.200917821412965e-16
12 60 5.441610703704747e-16
14 60 -5.464378949326942e-16
20 60 5.551115123125783e-16
58 60 4.683753385137379e-17
60 60 4.22603174603174
15 61 -1.09314684040851e-16
21 61 3.987153489315443e-17
23 61 1.994931997373328e-17
29 61 -6.331740687315346e-17
61 61 5.688888888888891
63 61 6.158268339717665e-17
16 62 -1.09314684040851e-16
22 62 3.987153489315443e-17
24 62 1.994931997373328e-17
30 62 -6.331740687315346e-17
62 62 5.688888888888891
64 62 6.158268339717665e-17
15 63 5.099002817199327e-16
21 63 -6.38974550354332e-16
23 63 6.418476861114186e-16
29 63 -5.048045315092509e-16
61 63 6.158268339717665e-17
63 63 4.22603174603174
16 64 5.099002817199327e-16
22 64 -6.38974550354332e-16
24 64 6.418476861114186e-16
30 64 -5.048045315092509e-16
62 64 6.158268339717665e-17
64 64 4.22603174603174
17 65 1.092875789865388e-16
23 65 1.439278383974507e-16
25 65 -1.665334536937735e-16
31 65 6.245004513516506e-17
65 65 5.688888888888891
67 65 2.289834988289385e-16
18 66 1.092875789865388e-16
24 66 1.439278383974507e-16
26 66 -1.665334536937735e-16
32 66 6.245004513516506e-17
66 66 5.688888888888891
68 66 2.289834988289385e-16
17 67 -5.168933857324642e-16
23 67 5.988590699723684e-16
25 67 -6.158268339717665e-16
31 67 5.898059818321144e-16
65 67 2.289834988289385e-16
67 67 4.22603174603174
18 68 -5.168933857324642e-16
24 68 5.988590699723684e-16
26 68 -6.158268339717665e-16
32 68 5.898059818321144e-16
66 68 2.289834988289385e-16
68 68 4.22603174603174
19 69 1.626303258728257e-18
25 69 -7.480994990149981e-17
27 69 8.500145032286355e-17
33 69 5.030698080332741e-17
69 69 5.688888888888891
71 69 6.158268339717665e-17
20 70 1.626303258728257e-18
26 70 -7.480994990149981e-17
28 70 8.500145032286355e-17
34 70 5.030698080332741e-17
70 70 5.688888888888891
72 70 6.158268339717665e-17
19 71 5.166765452979671e-16
25 71 -5.337527295146138e-16
27 71 5.516420653606247e-16
33 71 -6.123573870198129e-16
69 71 6.158268339717665e-17
71 71 4.22603174603174
20 72 5.166765452979671e-16
26 72 -5.337527295146138e-16
28 72 5.516420653606247e-16
34 72 -6.123573870198129e-16
70 72 6.158268339717665e-17
72 72 4.22603174603174
29 73 1.09314684040851e-16
35 73 -2.599374708533997e-17
37 73 3.556183125752455e-17
43 73 -4.77048955893622e-17
73 73 5.688888888888891
75 73 6.158268339717665e-17
30 74 1.09314684040851e-16
36 74 -2.599374708533997e-17
38 74 3.556183125752455e-17
44 74 -4.77048955893622e-17
74 74 5.688888888888891
76 74 6.158268339717665e-17
29 75 -5.099002817199327e-16
35 75 5.487689296035381e-16
37 75 -5.585809592645319e-16
43 75 4.49293380277993e-16
73 75 6.158268339717665e-17
75 75 4.22603174603174
30 76 -5.099002817199327e-16
36 76 5.487689296035381e-16
38 76 -5.585809592645319e-16
44 76 4.49293380277993e-16
74 76 6.158268339717665e-17
76 76 4.22603174603174
31 77 -1.092875789865388e-16
37 77 -1.578056262052652e-16
39 77 2.220446049250313e-16
45 77 -6.245004513516506e-17
77 77 5.688888888888891
79 77 2.289834988289385e-16
32 78 -1.092875789865388e-16
38 78 -1.578056262052652e-16
40 78 2.220446049250313e-16
46 78 -6.245004513516506e-17
78 78 5.688888888888891
80 78 2.289834988289385e-16
31 79 4.891378101168353e-16
37 79 -5.849812821645539e-16
39 79 6.435824095873954e-16
45 79 -4.787836793695988e-16
77 79 2.289834988289385e-16
79 79 4.22603174603174
32 80 4.891378101168353e-16
38 80 -5.849812821645539e-16
40 80 6.435824095873954e-16
46 80 -4.787836793695988e-16
78 80 2.289834988289385e-16
80 80 4.22603174603174
33 81 -1.626303258728257e-18
39 81 3.317658647805644e-17
41 81 -1.127570259384925e-16
47 81 -5.030698080332741e-17
81 81 5.688888888888891
83 81 6.158268339717665e-17
34 82 -1.626303258728257e-18
40 82 3.317658647805644e-17
42 82 -1.127570259384925e-16
48 82 -5.030698080332741e-17
82 82 5.688888888888891
84 82 6.158268339717665e-17
33 83 -4.611653940667093e-16
39 83 5.476305173224283e-16
41 83 -5.238864897449957e-16
47 83 6.123573870198129e-16
81 83 6.158268339717665e-17
83 83 4.22603174603174
34 84 -4.611653940667093e-16
40 84 5.476305173224283e-16
42 84 -5.238864897449957e-16
48 84 6.123573870198129e-16
82 84 6.158268339717665e-17
84 84 4.22603174603174
1 85 2
7 85 2
9 85 2
15 85 2
2 86 2
8 86 2
10 86 2
16 86 2
3 87 -2
9 87 -2
11 87 -2
17 87 -2
4 88 -2
10 88 -2
12 88 -2
18 88 -2
5 89 2
11 89 2
13 89 2
19 89 2
6 90 2
12 90 2
14 90 2
20 90 2
15 91 -2
21 91 -2
23 91 -2
29 91 -2
16 92 -2
22 92 -2
24 92 -2
30 92 -2
17 93 2
23 93 2
25 93 2
31 93 2
18 94 2
24 94 2
26 94 2
32 94 2
19 95 -2
25 95 -2
27 95 -2
33 95 -2
20 96 -2
26 96 -2
28 96 -2
34 96 -2
29 97 2
35 97 2
37 97 2
43 97 2
30 98 2
36 98 2
38 98 2
44 98 2
31 99 -2
37 99 -2
39 99 -2
45 99 -2
32 100 -2
38 100 -2
40 100 -2
46 100 -2
33 101 2
39 101 2
41 101 2
47 101 2
34 102 2
40 102 2
42 102 2
48 102 2
1 103 -0.1185185185185185
1 104 -0.1407407407407408
3 104 -0.1185185185185184
3 105 0.08148148148148147
5 105 -0.1185185185185185
5 106 -0.1407407407407407
1 107 0.08148148148148149
15 107 -0.1185185185185184
1 108 0.177777777777778
3 108 -0.1407407407407407
15 108 0.0814814814814815
17 108 -0.1185185185185185
3 109 0.177777777777778
5 109 0.08148148148148152
17 109 -0.1407407407407408
19 109 -0.1185185185185184
5 110 0.177777777777778
19 110 0.08148148148148152
15 111 -0.1407407407407407
29 111 -0.1185185185185185
15 112 0.177777777777778
17 112 0.08148148148148152
29 112 -0.1407407407407408
31 112 -0.1185185185185185
17 113 0.177777777777778
19 113 -0.1407407407407407
31 113 0.08148148148148153
33 113 -0.1185185185185185
19 114 0.177777777777778
33 114 -0.1407407407407408
29 115 0.08148148148148152
29 116 0.1777777777777779
31 116 -0.1407407407407407
31 117 0.177777777777778
33 117 0.08148148148148153
33 118 0.1777777777777779


# name: X
# type: matrix
# rows: 1
# columns: 4
 1 2 3 4


# name: Y
# type: matrix
# rows: 1
# columns: 4
 1 2 3 4


# name: Z_rot
# type: sparse matrix
# nnz: 16
# rows: 4
# columns: 4
1 1 -0.1447295939687917
2 1 0.2762093060836632
3 1 -0.5505251581517051
4 1 -0.2879368242324343
1 2 0.1278537537447234
2 2 0.7927463342040402
3 2 -0.2901122505464948
4 2 0.2671680235486629
1 3 0.1370288974935746
2 3 -0.1696250234979564
3 3 0.3765701602232813
4 3 -0.01774213431403582
1 4 -0.0710604881234872
2 4 -0.4002454405978532
3 4 0.1980562585209631
4 4 -0.2436558203861512


# name: b_load
# type: matrix
# rows: 2
# columns: 1
 0.1111111111111111
 0.1111111111111111


# name: cf
# type: matrix
# rows: 1
# columns: 2
 1 -0


# name: coordinates
# type: matrix
# rows: 16
# columns: 2
 0 0
 0.3333333333333333 0
 0.6666666666666666 0
 1 0
 0 0.3333333333333333
 0.3333333333333333 0.3333333333333333
 0.6666666666666666 0.3333333333333333
 1 0.3333333333333333
 0 0.6666666666666666
 0.3333333333333333 0.6666666666666666
 0.6666666666666666 0.6666666666666666
 1 0.6666666666666666
 0 1
 0.3333333333333333 1
 0.6666666666666666 1
 1 1


# name: element
# type: matrix
# rows: 9
# columns: 4
 1 2 6 5
 2 3 7 6
 3 4 8 7
 5 6 10 9
 6 7 11 10
 7 8 12 11
 9 10 14 13
 10 11 15 14
 11 12 16 15


# name: f_load
# type: matrix
# rows: 2
# columns: 1
 1
 1


# name: heigth
# type: scalar
1


# name: i
# type: scalar
9


# name: ii
# type: scalar
2


# name: j
# type: scalar
12


# name: jj
# type: scalar
4


# name: k
# type: scalar
9


# name: lambda
# type: scalar
0


# name: length
# type: scalar
1


# name: load
# type: sparse matrix
# nnz: 18
# rows: 118
# columns: 1
85 1 0.1111111111111111
86 1 0.1111111111111111
87 1 0.1111111111111111
88 1 0.1111111111111111
89 1 0.1111111111111111
90 1 0.1111111111111111
91 1 0.1111111111111111
92 1 0.1111111111111111
93 1 0.1111111111111111
94 1 0.1111111111111111
95 1 0.1111111111111111
96 1 0.1111111111111111
97 1 0.1111111111111111
98 1 0.1111111111111111
99 1 0.1111111111111111
100 1 0.1111111111111111
101 1 0.1111111111111111
102 1 0.1111111111111111


# name: mc
# type: matrix
# rows: 9
# columns: 13
 1 2 9 10 15 16 7 8 49 50 51 52 1
 3 4 11 12 17 18 9 10 53 54 55 56 -1
 5 6 13 14 19 20 11 12 57 58 59 60 1
 15 16 23 24 29 30 21 22 61 62 63 64 -1
 17 18 25 26 31 32 23 24 65 66 67 68 1
 19 20 27 28 33 34 25 26 69 70 71 72 -1
 29 30 37 38 43 44 35 36 73 74 75 76 1
 31 32 39 40 45 46 37 38 77 78 79 80 -1
 33 34 41 42 47 48 39 40 81 82 83 84 1


# name: mu
# type: scalar
0.5


# name: ndx
# type: scalar
3


# name: ndy
# type: scalar
3


# name: nelem
# type: scalar
9


# name: ngdls
# type: scalar
84


# name: ngdlt
# type: scalar
118


# name: nnod
# type: scalar
16


# name: point
# type: matrix
# rows: 4
# columns: 2
 0.6666666666666666 0.6666666666666666
 1 0.6666666666666666
 1 1
 0.6666666666666666 1


# name: poisson
# type: scalar
0


# name: rot
# type: sparse matrix
# nnz: 16
# rows: 16
# columns: 1
1 1 -0.1447295939687917
2 1 0.2762093060836632
3 1 -0.5505251581517051
4 1 -0.2879368242324343
5 1 0.1278537537447234
6 1 0.7927463342040402
7 1 -0.2901122505464948
8 1 0.2671680235486629
9 1 0.1370288974935746
10 1 -0.1696250234979564
11 1 0.3765701602232813
12 1 -0.01774213431403582
13 1 -0.0710604881234872
14 1 -0.4002454405978532
15 1 0.1980562585209631
16 1 -0.2436558203861512


# name: segno
# type: scalar
1


# name: soluz
# type: sparse matrix
# nnz: 109
# rows: 118
# columns: 1
2 1 0.0340909090909091
4 1 -0.05681818181818182
6 1 0.0340909090909091
7 1 0.08333333333333334
8 1 0.03409090909090909
9 1 -0.02777777777777778
10 1 -0.006313131313131316
11 1 -0.02777777777777778
12 1 -0.006313131313131316
13 1 0.08333333333333334
14 1 0.03409090909090909
16 1 -0.006313131313131313
18 1 0.01388888888888889
20 1 -0.00631313131313131
21 1 -0.08333333333333333
22 1 -0.05681818181818181
23 1 0.02777777777777778
24 1 0.01388888888888889
25 1 0.02777777777777778
26 1 0.01388888888888889
27 1 -0.08333333333333334
28 1 -0.05681818181818183
30 1 -0.006313131313131316
32 1 0.0138888888888889
34 1 -0.00631313131313131
35 1 0.02857142857142858
36 1 0.0340909090909091
37 1 -0.003174603174603177
38 1 -0.006313131313131314
39 1 -0.003174603174603176
40 1 -0.006313131313131317
41 1 0.02857142857142857
42 1 0.0340909090909091
43 1 0.03015873015873016
44 1 0.03409090909090909
45 1 -0.04920634920634921
46 1 -0.05681818181818181
47 1 0.03015873015873016
48 1 0.0340909090909091
49 1 -2.88785295454513e-19
50 1 -2.170281292979129e-19
51 1 -1.691327290388273e-17
52 1 -9.362088017673252e-19
53 1 1.949499267664974e-19
54 1 1.712835374589803e-19
55 1 4.642901148982254e-19
56 1 8.934159142848518e-18
57 1 9.44574085086553e-19
58 1 -2.179305081479708e-19
59 1 1.435201630688469e-17
60 1 1.024573903590452e-17
61 1 4.866468979771971e-19
62 1 1.57940362196125e-19
63 1 -1.681884705549591e-17
64 1 -1.069271504584126e-17
65 1 1.10378980939076e-19
66 1 -3.640918184213406e-19
67 1 1.115293982833042e-19
68 1 -1.838631613871724e-19
69 1 1.610421390967238e-18
70 1 1.089231430609826e-18
71 1 1.438622340667766e-17
72 1 9.027969522583765e-18
73 1 4.032935620114537e-19
74 1 6.024160885806188e-19
75 1 -7.336079055241378e-18
76 1 -9.647422523853476e-18
77 1 -5.043173665598725e-19
78 1 -2.856209536203094e-19
79 1 -5.53075864092995e-18
80 1 -7.957167444642425e-18
81 1 8.515101214040728e-19
82 1 1.012180308532887e-18
83 1 -4.167564991442558e-19
84 1 -5.845170570209336e-19
85 1 -0.06481481481481484
86 1 -0.02483164983164984
87 1 -0.1203703703703704
88 1 -0.04250841750841752
89 1 -0.06481481481481484
90 1 -0.02483164983164984
91 1 -0.06481481481481484
92 1 -0.04250841750841752
93 1 -0.1203703703703704
94 1 -0.07533670033670035
95 1 -0.06481481481481483
96 1 -0.04250841750841752
97 1 -0.02010582010582011
98 1 -0.02483164983164984
99 1 -0.03280423280423281
100 1 -0.04250841750841752
101 1 -0.02010582010582011
102 1 -0.02483164983164984
103 1 -0.1447295939687917
104 1 0.2762093060836632
105 1 -0.5505251581517051
106 1 -0.2879368242324343
107 1 0.1278537537447234
108 1 0.7927463342040402
109 1 -0.2901122505464948
110 1 0.2671680235486629
111 1 0.1370288974935746
112 1 -0.1696250234979564
113 1 0.3765701602232813
114 1 -0.01774213431403582
115 1 -0.0710604881234872
116 1 -0.4002454405978532
117 1 0.1980562585209631
118 1 -0.2436558203861512


# name: spost
# type: sparse matrix
# nnz: 18
# rows: 18
# columns: 1
1 1 -0.06481481481481484
2 1 -0.02483164983164984
3 1 -0.1203703703703704
4 1 -0.04250841750841752
5 1 -0.06481481481481484
6 1 -0.02483164983164984
7 1 -0.06481481481481484
8 1 -0.04250841750841752
9 1 -0.1203703703703704
10 1 -0.07533670033670035
11 1 -0.06481481481481483
12 1 -0.04250841750841752
13 1 -0.02010582010582011
14 1 -0.02483164983164984
15 1 -0.03280423280423281
16 1 -0.04250841750841752
17 1 -0.02010582010582011
18 1 -0.02483164983164984


# name: spost_x
# type: sparse matrix
# nnz: 9
# rows: 9
# columns: 1
1 1 -0.06481481481481484
2 1 -0.1203703703703704
3 1 -0.06481481481481484
4 1 -0.06481481481481484
5 1 -0.1203703703703704
6 1 -0.06481481481481483
7 1 -0.02010582010582011
8 1 -0.03280423280423281
9 1 -0.02010582010582011


# name: spost_y
# type: sparse matrix
# nnz: 9
# rows: 9
# columns: 1
1 1 -0.02483164983164984
2 1 -0.04250841750841752
3 1 -0.02483164983164984
4 1 -0.04250841750841752
5 1 -0.07533670033670035
6 1 -0.04250841750841752
7 1 -0.02483164983164984
8 1 -0.04250841750841752
9 1 -0.02483164983164984


# name: x
# type: matrix
# rows: 4
# columns: 1
 0.6666666666666666
 1
 1
 0.6666666666666666


# name: y
# type: matrix
# rows: 4
# columns: 1
 0.6666666666666666
 0.6666666666666666
 1
 1


# name: young
# type: scalar
1


