                   0                   0
   3.000000000000000   2.750000000000001
   6.000000000000000   5.500000000000002
   9.000000000000000   8.250000000000004
  12.000000000000000  11.000000000000004
  15.000000000000000  13.750000000000004
  18.000000000000000  16.500000000000007
  21.000000000000000  19.250000000000007
  24.000000000000000  22.000000000000007
  27.000000000000000  24.750000000000007
  30.000000000000000  27.500000000000007
  33.000000000000000  30.250000000000011
  36.000000000000000  33.000000000000014
  39.000000000000000  35.750000000000014
  42.000000000000000  38.500000000000014
  45.000000000000000  41.250000000000014
  48.000000000000000  44.000000000000014
                   0   2.750000000000000
   2.812350539586641   5.292686367228744
   6.276579993206722   8.300631683647353
   8.859634482959901  10.506627014501753
  12.193176380487536  13.638526446006935
  14.924729360387788  15.566144758674286
  18.165506334787509  18.812467414301207
  20.542905606896152  20.933286209683892
  24.088777321492682  24.188622441030109
  26.922592174126354  26.085488116360015
  30.537219302571433  29.392367594039623
  32.584805766375112  31.345927975682532
  36.077206373316940  34.786834952580520
  38.488015484622380  36.713385785649500
  42.118771437094004  39.919710215384619
  44.990964533052320  42.206276222236284
  48.000000000000000  45.000000000000014
                   0   5.500000000000000
   3.044900676208790   8.202526609105908
   6.254344413412701  10.881955691301091
   9.209868304989026  13.316882812078861
  12.493709009081609  16.011868260646377
  15.302685221371524  18.551682790822497
  18.029615262230863  21.047725348160316
  21.195361004636982  23.321851672400342
  24.487349219345621  25.908533311099770
  27.099282357220940  28.294161196271538
  30.579011978956096  31.126823637179815
  33.525899070109517  33.780166716411607
  36.418580901198801  36.303479439876995
  39.158904367700714  38.821679269928730
  42.572471069406866  41.078795149693768
  45.045869341683620  43.831335475655415
  48.000000000000000  46.000000000000000
                   0   8.250000000000000
   2.971682594711662  10.374890592862890
   6.199062063816760  13.368546767258705
   8.915249064692528  15.285777832460774
  12.338027124370113  17.943709598158762
  14.738682591538332  19.963324677492441
  18.065159106101756  22.981257749257892
  20.615263731905760  25.068659841334341
  24.563181274971793  27.944162268771684
  26.875916083787452  29.790183962267854
  30.532896051219346  32.728317461109661
  32.540240296574140  34.472217657234403
  36.518057952655319  37.373940377144812
  38.882904707615438  39.661968385848816
  42.017983507524953  42.160545663535032
  44.627217661267480  44.289292266877162
  48.000000000000000  47.000000000000000
                   0  11.000000000000000
   3.306307810670184  13.625002712876951
   6.133843089822600  15.840842543131719
   9.129081511749190  18.262082102519400
  12.062272400555475  20.584788734758259
  15.449882837274551  22.900476581554535
  18.192653322350502  25.142311887601910
  21.273555394557633  27.227712171599713
  24.491091808094858  29.818041161476557
  27.160395033057451  32.264392980199226
  30.111378304645960  34.265452610572822
  33.251279655420973  36.548688061361524
  36.120034044726822  39.082827361781177
  39.111767966555043  41.309742598756955
  42.184284690044628  43.594678953809392
  45.578270260424553  45.790244116548436
  48.000000000000000  48.000000000000000
                   0  13.750000000000000
   2.999663707164329  15.554826818320871
   6.302240864723688  18.385863966927538
   8.738965559440464  20.312940474818021
  12.531669593700467  22.726017657784475
  14.652643000677660  24.585009143643660
  18.004378540285945  27.220801900412269
  20.703018948239492  29.057149839581662
  24.026900903503194  31.768251123192208
  26.971050049436620  33.429703002375248
  30.474799654811683  36.239250028124445
  32.641605283992817  37.616679704975972
  36.447813811503003  40.496076859972177
  38.588571654192911  41.944425000208220
  42.332939454224395  44.783591084798402
  44.580963961590029  46.586511361133539
  48.000000000000000  49.000000000000000
                   0  16.500000000000000
   3.044291314926020  18.791126306665682
   6.243396774343679  20.866910343490851
   9.199135997262564  23.125303496652496
  12.278586851229107  25.101178849818304
  15.049266074745820  27.085139763096290
  18.255748013017158  29.360044450028084
  21.413843086710635  31.621307307262018
  24.552411774869690  33.293382928451692
  27.572123983697676  35.420595530101252
  30.588154598346563  37.720193274699966
  33.146805461686711  39.564629646872881
  36.184640747759367  42.012291531605001
  39.047487064981460  43.887886378076132
  42.082140099632248  45.888133182671403
  45.038841907260853  48.242476891606856
  48.000000000000000  50.000000000000000
                   0  19.250000000000000
   2.971172767640178  20.952338035476082
   6.077231814766490  23.518806411097792
   8.750651797008443  25.071252660730252
  12.442965193992162  27.568846062003484
  14.478794775692498  29.171722336542878
  18.365936699790723  31.159707626448920
  20.937921021095974  33.090244450508507
  24.217546100061750  35.238397497035564
  26.792315878981530  36.990900357898575
  30.234584432814493  39.294099563108546
  32.608841656633352  40.702494236955204
  36.166150414535792  43.465901905334825
  38.541614812243601  44.651251757687874
  42.113364065033288  47.062643514519365
  44.618531086179409  48.678497064538021
  48.000000000000000  51.000000000000000
                   0  22.000000000000000
   3.037205904251069  23.919423138111139
   6.265703898809235  26.128551850074970
   9.407289087018160  27.666876206137058
  12.390015309507065  29.924920621491779
  15.251239881786388  31.408350764597770
  18.137873231467147  33.596398764969933
  21.023620109134516  35.326504892504566
  24.320127458988388  37.453911639898152
  27.125343445193657  38.930489696205200
  30.391648525995631  40.801821136759408
  33.601025898132356  42.743940052120927
  36.373141981619774  44.891837624137359
  39.513843083994736  46.610017606657244
  42.473342026029030  48.690438482599291
  45.563109347665225  50.228256299927281
  48.000000000000000  51.999999999999993
                   0  24.750000000000000
   2.817646298007265  26.147765334461450
   6.086418264112103  28.632750094933822
   8.762220887779321  29.771431421487996
  12.138958976987649  31.852681137228569
  14.834370638231102  33.142468282001232
  18.268867538711998  35.472073285350852
  20.554933888448879  36.740824206227984
  24.012621999472394  39.295877671459799
  26.521097889517598  40.485290846450340
  30.405481464629808  42.548475246751828
  32.431695973308642  44.036313409948427
  36.103926136211847  46.296292960342022
  38.704631115733321  47.388064010742781
  42.601425025011309  49.619870010327688
  44.952225338867450  50.851849901696077
  48.000000000000000  53.000000000000000
                   0  27.500000000000000
   3.121794659763419  29.433074406768412
   6.081482980525939  30.848997630921350
   9.076831383265352  32.862121865287378
  12.160510262737764  34.308057582133699
  15.361527192906060  36.171854862280973
  18.437866411068555  37.616661597915005
  21.110753112051441  39.403862613411881
  24.002136476745093  40.885919612592446
  27.383160356850681  42.691159646993668
  30.197144972536822  44.539062291258588
  33.075310794947590  46.073825208131254
  36.096379704682775  47.584982624512385
  39.515198182635025  49.205324630678987
  42.047437007362845  50.957151711997490
  45.171206390138920  52.407752195556640
  48.000000000000000  54.000000000000007
                   0  30.250000000000000
   2.766781717010396  31.565193536363921
   6.081207222583869  33.392113597065993
   8.899207836377375  34.826112169387237
  12.172687548798807  36.893417534381051
  14.704371910768980  37.865378169792244
  18.249872144670221  39.853196004454055
  20.680510835277488  40.784649144875615
  24.511487265334534  42.808682092521039
  26.550626630713708  44.096177486894021
  30.035226556299982  45.883044639837529
  32.500614412918459  47.082833434531260
  36.598526112108750  49.105862593421293
  38.790615707041063  49.909210710875115
  42.559019809787465  52.319293972886591
  44.839505051832440  53.314392030035535
  48.000000000000000  55.000000000000000
                   0  33.000000000000000
   3.259982303476316  34.774145270699194
   6.218894122784521  36.340193708230387
   9.238080747165325  37.791498865919351
  12.261641931652154  38.992722477313883
  15.427096042177240  40.374841082561247
  18.259005291164090  41.689209537582109
  21.442462024809920  43.335988937910919
  24.384377243919516  44.886542408805674
  27.132268945729024  46.353429892303339
  30.548320557052936  47.516710033842884
  33.443587074423718  48.977367645033574
  36.167803831910241  50.332769510445488
  39.411058901692790  51.948176071071551
  42.515890304669746  53.255159088516372
  45.110097362889249  54.772558983188325
  48.000000000000000  56.000000000000000
                   0  35.750000000000000
   2.841448320733835  36.699091392501387
   6.058067376603553  38.431069581385799
   8.686246761514333  39.720301627786085
  12.072637125143963  41.398897367002625
  14.713511690303205  42.127575302660119
  18.461990576554133  44.103892821899450
  20.707244199227812  44.912520178093999
  24.070912557690640  46.805956788756667
  26.417826605332728  47.244627097957753
  30.386744322734764  49.075350511496403
  32.954345040895170  50.270493596225037
  36.019500099693481  52.040887755233676
  38.910758831937919  52.705432405297437
  42.491460703181666  54.620122210825997
  44.764116297569707  55.270653600662335
  48.000000000000000  57.000000000000000
                   0  38.500000000000000
   3.101626943168835  39.873682521744016
   6.348879951725747  41.182086631780962
   9.130498365966783  42.512197219772055
  12.086906648009922  43.822951089095262
  15.123457479258454  44.634442237263166
  18.042115173566948  46.187304893731749
  21.476978265571699  47.392111538405814
  24.449332614623977  48.718757122328071
  27.279854977259738  49.852786818898061
  30.256101868895275  51.148285669046601
  33.000803243215039  52.385628233465852
  36.350888727574436  53.294350184730995
  39.345120937638946  54.490354498776782
  42.098978645127126  55.887988628585987
  45.427626739546781  57.169129259533094
  48.000000000000000  58.000000000000000
                   0  41.250000000000000
   2.883791854113368  42.237528737936707
   6.153334837908383  43.628977107141928
   8.536257233553942  44.209268185740356
  12.153727271159832  45.983404834367029
  14.574428130979340  46.383596090818145
  18.515417823930829  48.197362227363222
  20.960020582307294  48.909016199002544
  24.515205032022234  50.327624409288049
  26.603274508799210  50.850935180385626
  30.150233944013866  52.615209327339628
  32.859697814083809  53.449738893822648
  36.471778090605930  54.573199088872343
  38.756650254767905  55.548071948959439
  42.127068306645263  57.106044005919728
  44.428286199981287  57.887238620313923
  48.000000000000000  59.000000000000000
                   0  44.000000000000000
   3.000000000000000  45.000000000000000
   6.000000000000000  46.000000000000000
   9.000000000000000  47.000000000000000
  12.000000000000000  48.000000000000000
  15.000000000000000  49.000000000000000
  18.000000000000000  50.000000000000000
  21.000000000000000  51.000000000000000
  24.000000000000000  52.000000000000000
  27.000000000000000  53.000000000000000
  30.000000000000000  54.000000000000000
  33.000000000000000  55.000000000000000
  36.000000000000000  56.000000000000000
  39.000000000000000  57.000000000000000
  42.000000000000000  58.000000000000000
  45.000000000000000  59.000000000000000
  48.000000000000000  60.000000000000000
